39	98 1
63	56 1
77	95 1
22	105 1
106	57 1
34	62 1
85	25 1
20	26 1
15	103 1
49	27 1
81	30 1
3	86 1
23	103 1
44	103 1
55	51 1
77	22 1
88	81 1
50	41 1
0	14 1
84	61 1
49	52 1
81	65 1
65	62 1
105	8 1
56	74 1
13	18 1
100	73 1
34	68 1
48	93 1
109	26 1
4	6 1
45	84 1
52	49 1
81	88 1
41	77 1
53	58 1
13	26 1
73	100 1
9	70 1
20	61 1
50	19 1
13	61 1
81	72 1
92	21 1
109	61 1
15	71 1
9	17 1
12	87 1
62	34 1
85	82 1
20	17 1
44	71 1
8	105 1
6	4 1
89	76 1
97	37 1
9	101 1
28	60 1
7	42 1
45	109 1
31	24 1
65	81 1
80	81 1
94	66 1
31	54 1
62	51 1
81	80 1
37	97 1
108	90 1
27	49 1
21	92 1
88	51 1
81	6 1
48	83 1
59	75 1
81	5 1
13	45 1
44	23 1
105	43 1
9	61 1
62	65 1
105	22 1
79	32 1
85	47 1
84	33 1
59	44 1
71	23 1
74	56 1
22	77 1
98	39 1
10	73 1
51	88 1
20	18 1
35	54 1
68	34 1
107	64 1
43	105 1
77	41 1
94	99 1
73	10 1
20	101 1
6	81 1
96	38 1
110	94 1
34	102 1
23	91 1
9	45 1
109	33 1
5	81 1
15	44 1
14	0 1
19	50 1
45	18 1
95	77 1
13	104 1
69	46 1
69	2 1
102	34 1
59	15 1
33	61 1
71	91 1
19	16 1
45	33 1
67	40 1
43	16 1
87	78 1
60	28 1
16	19 1
41	50 1
76	89 1
28	73 1
100	28 1
72	81 1
11	36 1
84	26 1
20	33 1
51	62 1
40	67 1
16	43 1
87	1 1
15	91 1
18	33 1
73	28 1
51	55 1
29	83 1
28	100 1
109	17 1
32	79 1
30	81 1
196	144 1
161	136 1
196	153 1
196	122 1
193	185 1
190	145 1
166	150 1
180	143 1
156	188 1
155	159 1
148	192 1
148	153 1
111	171 1
176	180 1
191	141 1
169	194 1
183	151 1
167	173 1
148	114 1
148	120 1
188	156 1
148	126 1
162	181 1
127	136 1
150	166 1
182	124 1
159	155 1
172	184 1
165	162 1
182	144 1
141	191 1
171	111 1
186	130 1
180	180 1
174	136 1
148	125 1
136	127 1
189	193 1
166	166 1
196	163 1
185	193 1
170	140 1
116	116 1
162	165 1
160	139 1
128	136 1
175	178 1
181	162 1
166	158 1
135	138 1
196	123 1
158	150 1
136	161 1
138	135 1
130	186 1
154	136 1
145	190 1
158	166 1
178	175 1
196	179 1
112	136 1
136	128 1
187	142 1
132	149 1
131	118 1
147	147 1
148	113 1
157	136 1
136	112 1
136	174 1
146	134 1
148	133 1
148	195 1
142	187 1
140	170 1
117	119 1
173	167 1
119	117 1
139	160 1
151	183 1
134	146 1
148	164 1
182	168 1
136	154 1
196	152 1
137	139 1
150	158 1
143	180 1
129	118 1
139	137 1
180	176 1
196	121 1
136	157 1
193	189 1
184	172 1
196	115 1
177	196 1
222	246 1
296	256 1
211	251 1
221	264 1
240	260 1
311	255 1
284	252 1
283	268 1
273	204 1
306	315 1
311	274 1
262	280 1
247	276 1
285	232 1
328	290 1
303	314 1
208	215 1
221	237 1
212	211 1
325	278 1
311	265 1
202	278 1
206	307 1
221	229 1
286	308 1
284	243 1
313	316 1
213	254 1
322	287 1
241	202 1
236	263 1
198	261 1
236	305 1
300	289 1
203	258 1
239	238 1
205	300 1
319	300 1
318	316 1
266	311 1
202	202 1
235	249 1
329	309 1
310	238 1
300	315 1
215	208 1
228	314 1
296	294 1
274	311 1
286	228 1
311	248 1
224	317 1
273	287 1
297	327 1
211	212 1
270	293 1
320	250 1
284	258 1
324	307 1
219	225 1
202	331 1
308	281 1
223	273 1
233	234 1
278	331 1
249	235 1
298	243 1
270	220 1
332	209 1
316	313 1
273	223 1
244	275 1
319	319 1
289	300 1
266	255 1
305	236 1
240	200 1
326	205 1
317	224 1
231	304 1
303	253 1
287	273 1
198	253 1
302	321 1
300	205 1
216	328 1
269	300 1
299	280 1
198	301 1
248	311 1
315	306 1
292	207 1
287	204 1
255	271 1
251	211 1
311	266 1
290	328 1
287	322 1
227	197 1
282	278 1
231	199 1
202	241 1
246	222 1
203	214 1
255	266 1
204	295 1
217	226 1
278	272 1
204	273 1
328	216 1
263	236 1
303	201 1
255	311 1
332	257 1
300	319 1
315	300 1
231	280 1
204	287 1
295	204 1
231	225 1
287	287 1
278	241 1
129	118 1
321	302 1
288	245 1
303	312 1
207	292 1
205	326 1
303	242 1
11	36 1
259	286 1
277	197 1
330	323 1
308	228 1
265	311 1
291	230 1
327	297 1
231	267 1
198	218 1
241	272 1
271	255 1
316	318 1
228	242 1
210	279 1
323	330 1
300	269 1
234	233 1
487	348 1
402	341 1
414	447 1
388	443 1
396	391 1
430	371 1
476	432 1
470	342 1
412	379 1
484	492 1
495	440 1
477	471 1
454	415 1
446	423 1
484	459 1
363	390 1
490	480 1
444	387 1
384	344 1
440	362 1
398	402 1
333	383 1
413	382 1
395	465 1
362	384 1
357	475 1
471	477 1
371	430 1
398	415 1
474	335 1
419	383 1
387	478 1
414	339 1
349	379 1
361	358 1
424	474 1
441	336 1
389	428 1
490	459 1
388	451 1
414	498 1
435	481 1
390	402 1
390	439 1
414	485 1
375	436 1
447	400 1
392	392 1
445	383 1
361	440 1
388	410 1
364	425 1
390	472 1
394	418 1
477	415 1
435	407 1
484	414 1
160	139 1
493	340 1
383	416 1
425	364 1
384	396 1
443	388 1
468	456 1
351	390 1
345	415 1
440	495 1
395	457 1
414	408 1
383	362 1
389	337 1
361	383 1
454	345 1
448	495 1
372	360 1
391	396 1
448	358 1
435	452 1
451	388 1
442	365 1
402	440 1
386	466 1
475	399 1
409	409 1
334	444 1
495	402 1
498	447 1
483	464 1
484	467 1
379	363 1
414	459 1
410	486 1
349	390 1
355	453 1
390	349 1
377	378 1
361	445 1
484	435 1
387	417 1
383	361 1
342	470 1
489	382 1
95	77 1
383	333 1
490	467 1
484	428 1
469	374 1
449	390 1
137	139 1
345	433 1
343	403 1
358	361 1
444	334 1
395	497 1
395	400 1
440	402 1
383	406 1
463	383 1
396	385 1
414	481 1
406	405 1
392	474 1
383	463 1
387	498 1
422	479 1
411	354 1
495	448 1
440	463 1
402	495 1
77	95 1
361	462 1
362	440 1
445	361 1
414	486 1
380	351 1
414	431 1
416	338 1
396	415 1
490	347 1
362	383 1
418	394 1
495	445 1
335	474 1
433	345 1
384	362 1
497	400 1
382	489 1
461	387 1
379	412 1
387	450 1
353	370 1
455	464 1
351	380 1
463	362 1
495	361 1
388	486 1
484	434 1
356	392 1
497	442 1
442	400 1
358	448 1
361	415 1
469	435 1
463	440 1
380	390 1
338	416 1
414	359 1
395	486 1
395	491 1
445	495 1
377	397 1
354	411 1
495	460 1
352	399 1
484	452 1
414	350 1
352	435 1
354	438 1
390	380 1
462	361 1
344	384 1
377	437 1
366	346 1
405	406 1
341	402 1
474	424 1
395	459 1
494	137 1
402	415 1
429	496 1
436	375 1
406	383 1
389	381 1
382	413 1
370	353 1
390	351 1
357	399 1
474	392 1
439	390 1
432	476 1
435	414 1
416	383 1
402	398 1
137	494 1
427	457 1
352	372 1
379	349 1
488	415 1
479	422 1
387	373 1
340	493 1
458	420 1
395	393 1
438	354 1
363	379 1
484	401 1
369	482 1
491	447 1
464	483 1
469	404 1
491	421 1
402	390 1
393	457 1
469	352 1
346	366 1
414	367 1
414	400 1
139	160 1
385	396 1
440	361 1
472	390 1
353	353 1
496	429 1
383	445 1
392	356 1
460	495 1
482	369 1
350	426 1
395	447 1
464	455 1
361	495 1
444	473 1
403	343 1
390	363 1
390	449 1
444	376 1
345	454 1
139	137 1
423	446 1
386	368 1
362	463 1
383	419 1
351	351 1
484	372 1
396	384 1
698	694 1
646	540 1
507	593 1
601	656 1
311	255 1
646	595 1
529	708 1
603	716 1
528	551 1
690	679 1
687	696 1
649	694 1
592	601 1
708	531 1
717	594 1
678	668 1
603	502 1
592	724 1
262	280 1
719	656 1
659	593 1
519	299 1
514	280 1
719	553 1
600	669 1
642	633 1
710	553 1
578	615 1
522	299 1
592	502 1
539	713 1
603	553 1
535	528 1
631	606 1
595	600 1
517	643 1
630	724 1
688	684 1
589	656 1
606	631 1
584	598 1
669	686 1
719	592 1
514	652 1
696	630 1
541	262 1
687	656 1
618	545 1
563	617 1
721	700 1
659	280 1
611	630 1
517	629 1
607	724 1
715	280 1
507	724 1
717	703 1
274	311 1
511	671 1
710	655 1
529	630 1
696	505 1
589	299 1
577	590 1
601	675 1
684	688 1
653	721 1
688	658 1
543	674 1
601	593 1
564	558 1
612	653 1
266	255 1
577	530 1
559	569 1
715	557 1
670	515 1
512	693 1
529	553 1
504	502 1
532	593 1
642	530 1
553	280 1
665	547 1
537	657 1
685	562 1
508	692 1
715	630 1
601	594 1
578	558 1
700	721 1
654	586 1
618	648 1
611	643 1
603	643 1
541	541 1
578	703 1
255	266 1
592	630 1
589	568 1
522	280 1
715	643 1
616	663 1
507	652 1
524	515 1
711	634 1
708	533 1
601	620 1
262	502 1
529	620 1
601	299 1
564	280 1
721	653 1
504	632 1
601	632 1
654	280 1
601	502 1
508	691 1
514	573 1
654	502 1
222	246 1
710	724 1
575	501 1
527	663 1
708	502 1
280	620 1
696	280 1
516	502 1
685	655 1
715	637 1
710	577 1
547	619 1
602	513 1
519	564 1
602	550 1
569	559 1
642	661 1
670	579 1
504	530 1
636	558 1
687	568 1
592	280 1
592	553 1
697	601 1
719	564 1
585	710 1
578	502 1
601	652 1
656	630 1
571	558 1
656	280 1
701	698 1
532	632 1
682	581 1
603	604 1
564	620 1
599	621 1
519	643 1
621	599 1
663	280 1
635	583 1
601	521 1
519	601 1
667	280 1
710	299 1
504	604 1
576	587 1
603	593 1
607	562 1
589	280 1
696	611 1
592	643 1
610	622 1
697	280 1
697	676 1
591	587 1
636	724 1
585	556 1
638	711 1
654	615 1
659	633 1
607	652 1
665	619 1
687	623 1
514	724 1
500	515 1
579	600 1
592	558 1
650	554 1
601	611 1
647	657 1
502	280 1
628	651 1
659	620 1
515	595 1
601	586 1
625	580 1
628	680 1
529	532 1
689	560 1
592	299 1
601	280 1
527	683 1
527	562 1
715	533 1
543	572 1
646	672 1
659	643 1
527	507 1
642	590 1
541	280 1
524	513 1
544	722 1
687	280 1
617	563 1
678	712 1
499	561 1
299	630 1
613	641 1
600	515 1
601	724 1
502	624 1
500	600 1
719	518 1
678	704 1
550	513 1
576	609 1
601	546 1
601	552 1
618	643 1
499	570 1
561	625 1
542	513 1
658	688 1
536	663 1
668	678 1
651	680 1
636	564 1
311	274 1
696	724 1
708	568 1
514	562 1
685	523 1
553	620 1
607	631 1
710	562 1
708	280 1
578	643 1
603	582 1
577	633 1
600	595 1
715	555 1
514	611 1
499	723 1
670	595 1
504	590 1
557	502 1
595	513 1
555	262 1
557	280 1
541	530 1
717	510 1
577	661 1
504	506 1
708	703 1
601	703 1
649	503 1
681	614 1
553	502 1
696	656 1
522	502 1
551	528 1
504	593 1
589	586 1
561	580 1
553	698 1
603	633 1
603	659 1
299	620 1
663	724 1
698	702 1
671	511 1
629	643 1
592	620 1
500	595 1
553	582 1
622	610 1
577	620 1
607	601 1
634	711 1
525	536 1
601	578 1
603	504 1
571	666 1
538	502 1
515	600 1
705	597 1
578	630 1
589	611 1
601	520 1
280	558 1
548	645 1
584	620 1
696	643 1
694	558 1
708	594 1
524	670 1
577	642 1
659	530 1
708	718 1
574	280 1
625	561 1
554	650 1
588	699 1
653	612 1
708	724 1
529	280 1
564	724 1
636	502 1
603	590 1
561	499 1
719	519 1
618	509 1
711	638 1
553	630 1
685	280 1
673	565 1
656	724 1
719	280 1
580	625 1
508	543 1
517	611 1
584	519 1
601	615 1
687	541 1
719	601 1
719	502 1
601	663 1
589	643 1
601	630 1
601	616 1
579	515 1
529	611 1
578	280 1
697	644 1
583	635 1
529	695 1
584	715 1
584	630 1
564	502 1
519	280 1
603	596 1
508	572 1
719	620 1
534	720 1
692	674 1
708	648 1
584	660 1
601	558 1
504	659 1
266	311 1
629	558 1
699	588 1
709	552 1
579	500 1
553	643 1
584	664 1
579	595 1
613	593 1
601	643 1
670	513 1
584	280 1
571	630 1
528	535 1
571	280 1
601	698 1
708	611 1
602	595 1
613	552 1
608	617 1
589	630 1
642	502 1
603	706 1
654	562 1
589	698 1
601	624 1
627	627 1
578	624 1
654	601 1
608	563 1
299	558 1
719	643 1
585	724 1
603	530 1
607	549 1
262	530 1
646	640 1
611	280 1
723	499 1
527	710 1
584	502 1
625	625 1
693	512 1
299	280 1
708	615 1
311	266 1
299	502 1
589	502 1
636	280 1
246	222 1
571	526 1
550	686 1
654	724 1
708	605 1
502	643 1
299	552 1
541	502 1
519	592 1
715	714 1
555	553 1
514	685 1
527	724 1
557	530 1
570	499 1
707	614 1
504	582 1
255	311 1
696	502 1
720	534 1
687	262 1
719	299 1
611	724 1
642	504 1
580	561 1
611	502 1
504	596 1
581	677 1
685	611 1
567	555 1
603	299 1
679	690 1
585	562 1
692	572 1
566	626 1
502	558 1
617	608 1
502	630 1
630	280 1
584	714 1
514	523 1
662	639 1
827	850 1
780	801 1
781	741 1
814	784 1
798	825 1
815	861 1
794	826 1
760	834 1
776	821 1
822	829 1
756	804 1
733	851 1
795	756 1
846	790 1
811	783 1
762	849 1
854	761 1
763	731 1
800	801 1
499	766 1
852	847 1
745	764 1
804	756 1
810	742 1
850	827 1
846	792 1
856	777 1
499	723 1
748	803 1
845	738 1
725	830 1
738	845 1
728	778 1
786	852 1
832	856 1
860	836 1
730	831 1
860	775 1
860	817 1
841	842 1
829	561 1
829	824 1
810	848 1
839	737 1
742	733 1
725	816 1
860	821 1
821	818 1
835	730 1
843	766 1
792	846 1
728	811 1
749	729 1
758	732 1
796	726 1
829	750 1
735	811 1
721	836 1
776	808 1
857	840 1
725	825 1
855	614 1
740	829 1
830	725 1
836	721 1
767	754 1
819	767 1
734	733 1
848	856 1
857	779 1
813	728 1
848	804 1
771	838 1
849	762 1
809	744 1
767	791 1
732	840 1
772	863 1
734	772 1
732	800 1
791	835 1
829	747 1
821	769 1
861	730 1
848	736 1
816	807 1
794	738 1
782	823 1
821	776 1
778	728 1
837	789 1
840	732 1
499	829 1
857	819 1
737	839 1
846	848 1
561	499 1
853	850 1
790	859 1
838	771 1
844	829 1
767	769 1
848	846 1
766	843 1
770	728 1
789	837 1
847	852 1
842	841 1
762	755 1
802	802 1
727	848 1
846	846 1
801	732 1
725	732 1
330	323 1
821	860 1
818	821 1
784	814 1
761	806 1
829	844 1
793	848 1
731	763 1
323	330 1
767	821 1
754	767 1
728	770 1
807	816 1
769	767 1
816	725 1
800	752 1
786	733 1
794	788 1
795	742 1
757	739 1
779	857 1
861	815 1
801	800 1
751	759 1
790	846 1
820	858 1
833	821 1
821	833 1
766	499 1
750	829 1
850	853 1
787	811 1
794	862 1
848	793 1
817	860 1
736	848 1
835	791 1
765	828 1
810	832 1
728	783 1
755	762 1
825	798 1
743	745 1
806	761 1
725	801 1
831	730 1
821	767 1
752	800 1
849	738 1
856	848 1
810	856 1
803	748 1
775	860 1
797	765 1
764	745 1
804	848 1
741	781 1
832	799 1
743	764 1
851	733 1
739	753 1
852	786 1
759	747 1
759	751 1
792	805 1
769	821 1
858	820 1
829	822 1
774	818 1
783	728 1
836	860 1
777	856 1
744	809 1
825	725 1
745	743 1
728	813 1
726	796 1
728	757 1
747	829 1
733	742 1
800	732 1
829	740 1
838	746 1
739	757 1
742	810 1
834	760 1
863	772 1
761	854 1
766	561 1
723	499 1
829	499 1
808	776 1
757	728 1
733	734 1
767	819 1
810	846 1
746	838 1
753	757 1
799	832 1
732	801 1
832	810 1
852	812 1
561	829 1
805	792 1
747	759 1
732	758 1
811	735 1
561	766 1
772	734 1
732	725 1
756	795 1
811	728 1
846	810 1
778	757 1
859	790 1
811	787 1
757	778 1
791	767 1
858	773 1
730	835 1
823	782 1
818	774 1
757	753 1
783	811 1
768	614 1
730	861 1
819	857 1
742	795 1
499	561 1
739	785 1
848	727 1
785	739 1
848	810 1
733	786 1
844	784 1
729	749 1
824	829 1
812	852 1
764	743 1
738	849 1
840	857 1
856	810 1
801	780 1
856	832 1
753	739 1
773	858 1
801	725 1
1005	971 1
896	912 1
883	868 1
976	898 1
947	1013 1
927	937 1
967	915 1
953	972 1
974	963 1
1003	1004 1
948	872 1
960	937 1
1006	880 1
958	1015 1
1004	994 1
914	940 1
908	892 1
871	973 1
918	917 1
883	985 1
957	965 1
889	1009 1
886	911 1
960	918 1
962	926 1
912	896 1
879	967 1
914	872 1
872	939 1
1012	976 1
991	980 1
944	971 1
953	957 1
869	946 1
885	866 1
999	995 1
945	899 1
900	945 1
963	974 1
905	986 1
1000	903 1
926	933 1
877	887 1
872	941 1
937	976 1
898	976 1
1014	967 1
929	893 1
881	913 1
961	1004 1
986	905 1
973	871 1
935	938 1
872	948 1
967	1014 1
1001	924 1
887	877 1
870	952 1
940	914 1
989	931 1
1011	884 1
939	1006 1
866	885 1
895	875 1
872	940 1
995	954 1
1004	961 1
991	920 1
928	987 1
950	916 1
1006	872 1
864	1015 1
957	953 1
910	998 1
931	929 1
892	908 1
891	968 1
995	867 1
872	907 1
939	872 1
915	951 1
965	972 1
890	934 1
880	919 1
949	904 1
984	966 1
872	921 1
890	872 1
868	883 1
976	902 1
979	905 1
1001	978 1
878	977 1
996	926 1
873	865 1
1008	872 1
950	988 1
897	975 1
995	993 1
911	886 1
920	991 1
917	960 1
894	995 1
922	964 1
919	880 1
972	953 1
936	906 1
976	937 1
933	926 1
952	870 1
943	995 1
909	976 1
971	1005 1
876	944 1
915	967 1
937	927 1
941	872 1
975	897 1
913	881 1
916	950 1
995	943 1
960	898 1
1004	1003 1
1005	876 1
990	983 1
872	1008 1
967	879 1
976	960 1
875	895 1
972	965 1
930	882 1
950	956 1
1016	978 1
868	985 1
902	976 1
993	995 1
996	872 1
872	996 1
888	970 1
882	978 1
1002	874 1
978	1001 1
955	885 1
905	979 1
944	876 1
867	995 1
904	949 1
977	878 1
980	991 1
997	896 1
956	950 1
959	1010 1
899	945 1
1013	947 1
969	995 1
953	965 1
931	989 1
998	910 1
934	890 1
978	882 1
995	999 1
966	984 1
985	868 1
907	872 1
945	900 1
970	888 1
965	957 1
960	917 1
872	890 1
964	922 1
942	1007 1
883	981 1
951	915 1
985	883 1
901	992 1
925	880 1
884	1011 1
978	1016 1
982	905 1
926	962 1
976	1012 1
921	872 1
1015	864 1
981	883 1
960	976 1
937	960 1
906	988 1
885	955 1
968	891 1
898	960 1
865	873 1
992	901 1
995	969 1
1015	958 1
880	1006 1
880	925 1
954	995 1
876	1005 1
923	932 1
1007	942 1
896	997 1
965	953 1
882	930 1
906	936 1
940	872 1
971	944 1
926	996 1
918	960 1
905	982 1
976	909 1
924	1001 1
872	1006 1
929	931 1
994	1004 1
932	923 1
995	894 1
872	914 1
903	1000 1
893	929 1
983	990 1
938	935 1
1006	939 1
917	918 1
874	1002 1
1009	889 1
1018	1109 1
1072	1079 1
1106	1040 1
1105	1066 1
1018	1116 1
1062	1059 1
1076	1073 1
1069	1100 1
1125	1092 1
1056	1028 1
1080	1028 1
1020	1085 1
1058	1025 1
1025	1029 1
1020	1120 1
1101	1035 1
1095	1124 1
1114	1037 1
1034	1061 1
1055	1031 1
1122	1087 1
1026	1061 1
1077	1035 1
1038	1064 1
1067	1017 1
1120	1086 1
1061	1026 1
1059	1062 1
1063	1077 1
1116	1065 1
1061	1049 1
1043	1068 1
1100	1069 1
1030	1051 1
1100	1029 1
1117	1050 1
1020	1101 1
1116	1080 1
1040	1093 1
1082	1116 1
1046	1060 1
1040	1068 1
1047	1039 1
1038	1051 1
1079	1072 1
1102	1065 1
1036	1052 1
1065	1108 1
1093	1073 1
1087	1122 1
1114	1043 1
1063	1057 1
1029	1025 1
1066	1024 1
1073	1076 1
1122	1028 1
1088	1027 1
1084	1023 1
1025	1058 1
1079	1088 1
1049	1033 1
1058	1072 1
1080	1116 1
1065	1097 1
1061	1034 1
1023	1084 1
1052	1036 1
1058	1098 1
1045	1093 1
1099	1122 1
1028	1122 1
1101	1020 1
1116	1072 1
1020	1081 1
1093	1040 1
1121	1078 1
1039	1047 1
1106	1082 1
1074	1107 1
1032	1112 1
1017	1103 1
1089	1070 1
1030	1077 1
1087	1097 1
1098	1037 1
1059	1089 1
1080	1048 1
1035	1101 1
1030	1054 1
1125	1069 1
1017	1067 1
1025	1069 1
1033	1049 1
1077	1090 1
1112	1032 1
1069	1125 1
1077	1030 1
1116	1109 1
1069	1118 1
1120	1020 1
1051	1030 1
1020	1058 1
1065	1116 1
1119	1071 1
1035	1083 1
1019	1116 1
1030	1064 1
1122	1099 1
1096	1101 1
1067	1053 1
1083	1035 1
1072	1058 1
1049	1061 1
1091	1061 1
1086	1101 1
1054	1030 1
1097	1106 1
1094	1019 1
1057	1063 1
1029	1100 1
1101	1086 1
1028	1080 1
1021	1087 1
1022	1026 1
1071	1119 1
1116	1082 1
1069	1072 1
1101	1096 1
1040	1106 1
1064	1042 1
1115	1051 1
1051	1115 1
1019	1121 1
1031	1061 1
1078	1121 1
1041	1103 1
1070	1059 1
1090	1077 1
1030	1038 1
1124	1095 1
1021	1116 1
1061	1033 1
1048	1080 1
1070	1089 1
1038	1030 1
1100	1088 1
1017	1071 1
1105	1078 1
1103	1041 1
1065	1102 1
1051	1038 1
1077	1063 1
1118	1069 1
1061	1123 1
1068	1040 1
1068	1043 1
1077	1106 1
1089	1059 1
1043	1114 1
1104	1088 1
1108	1065 1
1109	1116 1
1066	1105 1
1116	1021 1
1097	1065 1
1048	1028 1
1064	1038 1
1078	1066 1
1087	1021 1
1081	1020 1
1106	1097 1
1066	1078 1
1088	1104 1
1037	1098 1
1085	1020 1
1109	1018 1
1071	1017 1
1093	1045 1
1088	1100 1
1097	1087 1
1058	1020 1
1024	1066 1
1060	1046 1
1116	1057 1
1053	1067 1
1115	1111 1
1035	1077 1
1069	1025 1
1061	1031 1
1028	1048 1
1072	1069 1
1044	1075 1
1061	1091 1
1082	1106 1
1075	1044 1
1059	1070 1
1107	1074 1
1123	1061 1
1088	1079 1
1111	1115 1
1103	1017 1
1124	1041 1
1064	1030 1
1116	1018 1
1026	1022 1
1041	1124 1
1037	1114 1
1073	1093 1
1019	1094 1
1116	1019 1
1113	1050 1
1106	1077 1
1122	1110 1
1086	1120 1
1031	1055 1
1078	1105 1
1121	1019 1
1082	1096 1
1057	1116 1
1096	1082 1
1110	1122 1
1092	1125 1
1072	1116 1
1098	1058 1
1028	1056 1
1042	1064 1
1027	1088 1
1033	1061 1
2068	1885 1
1887	1797 1
1880	2274 1
1442	1527 1
564	2161 1
2018	2116 1
2445	1235 1
1775	1303 1
1236	1576 1
2115	1702 1
2442	1712 1
262	280 1
1225	2258 1
1276	1905 1
213	1531 1
2388	1135 1
1431	2439 1
2178	1615 1
1638	1846 1
1132	2392 1
1604	2256 1
1604	1519 1
1264	1866 1
1394	2079 1
336	1801 1
2204	1522 1
2215	1282 1
1885	1417 1
2295	2173 1
1916	1734 1
630	724 1
662	1824 1
2341	2392 1
1914	1550 1
1824	1935 1
1749	1696 1
2379	1974 1
98	1702 1
1820	1593 1
1989	2104 1
1682	1928 1
2374	299 1
2056	2341 1
1509	1702 1
1678	2094 1
1738	1127 1
2181	1356 1
1611	2430 1
2141	2161 1
1132	2096 1
507	724 1
2284	2378 1
2364	1828 1
1767	1418 1
2068	1369 1
1208	1866 1
2267	1233 1
1199	1300 1
1177	2065 1
1309	1590 1
1696	1586 1
1878	2191 1
1749	1830 1
1998	2087 1
500	2069 1
2090	1830 1
1586	2094 1
1837	1361 1
2026	1557 1
2122	1129 1
1875	2096 1
1908	1883 1
2434	1759 1
1265	2214 1
1719	1127 1
1419	515 1
2182	2135 1
1713	1369 1
1151	2410 1
2449	1150 1
1623	1872 1
2012	1826 1
2460	2256 1
1785	1609 1
1825	1550 1
1369	1999 1
1572	2094 1
1434	1132 1
1489	1482 1
1788	1261 1
1132	1261 1
1229	2066 1
1143	1779 1
2369	2138 1
1908	1467 1
1761	1450 1
387	417 1
1837	2088 1
1332	1867 1
1348	2173 1
2177	1738 1
2305	1899 1
2240	2394 1
1877	1545 1
1820	1906 1
1511	1739 1
1144	2135 1
524	515 1
1702	2171 1
591	1862 1
1849	1986 1
1770	2267 1
2416	724 1
2458	2350 1
1383	2238 1
1208	1709 1
1932	1872 1
630	2161 1
1313	2312 1
2316	1927 1
1128	1132 1
2123	1785 1
1926	1748 1
2310	639 1
2213	1369 1
1402	2255 1
1991	1796 1
1419	1132 1
2301	1689 1
1839	2022 1
1603	2160 1
1383	1498 1
1548	1609 1
1638	2430 1
2347	2305 1
1269	1695 1
1808	1898 1
1648	1689 1
1782	1627 1
1286	1372 1
1211	1238 1
600	1534 1
1742	2171 1
2178	1223 1
2044	630 1
1520	1384 1
2129	1261 1
2061	1307 1
283	268 1
1650	1330 1
2264	1622 1
2323	1476 1
1129	1261 1
1780	1251 1
1462	1365 1
1130	1455 1
2005	1595 1
602	550 1
280	2079 1
1774	1430 1
1738	1845 1
2104	1806 1
579	2069 1
2166	1575 1
1606	1445 1
2090	1236 1
1628	1590 1
2193	1834 1
2081	2107 1
1931	2137 1
1843	1658 1
1848	1678 1
2146	595 1
18	2269 1
1341	2277 1
1233	1653 1
2067	280 1
1991	1184 1
2101	1791 1
1673	2017 1
2131	1369 1
9	70 1
1264	1692 1
1494	2010 1
1475	1586 1
2172	1149 1
1411	1792 1
2276	1328 1
1326	1980 1
1681	1585 1
2172	1875 1
85	82 1
2397	1191 1
1787	1569 1
1241	1807 1
1164	1858 1
1126	1132 1
1197	2325 1
607	562 1
1311	2371 1
1915	1611 1
1391	1949 1
2078	1312 1
1962	2383 1
2068	1182 1
2441	2016 1
1327	1596 1
1820	2315 1
2310	2288 1
1410	1636 1
1694	1217 1
2329	2290 1
1778	1557 1
98	1207 1
2144	1666 1
1491	1819 1
1467	2079 1
1410	1252 1
1596	1522 1
2267	2066 1
1209	555 1
2154	2312 1
579	600 1
84	33 1
1646	2362 1
2069	1529 1
1344	1522 1
1989	2261 1
1839	1970 1
1820	1889 1
1292	1876 1
1574	1606 1
1359	2269 1
1346	2065 1
1733	1582 1
98	1399 1
1200	1375 1
1146	1664 1
1770	1580 1
1241	1535 1
2289	1636 1
202	241 1
1231	1489 1
2347	1511 1
1458	2244 1
1892	1132 1
2177	1779 1
1260	1253 1
1927	1989 1
2123	213 1
2311	2110 1
1646	1610 1
2297	1586 1
1326	1282 1
2111	2341 1
1662	1523 1
1989	1522 1
1399	2107 1
1939	1659 1
1205	1296 1
1883	1750 1
1415	1182 1
1984	1485 1
441	1801 1
2347	1981 1
2371	2150 1
1439	1963 1
2019	2204 1
1458	2007 1
663	2161 1
1978	1501 1
2295	2269 1
1143	1326 1
1132	2326 1
2458	1802 1
1440	2259 1
1339	1282 1
1177	1587 1
1410	1220 1
1844	1807 1
1989	1950 1
2026	2094 1
2350	1261 1
2351	1945 1
550	513 1
1820	1324 1
1208	1143 1
1682	1367 1
2106	1261 1
547	1385 1
1320	2196 1
1462	1755 1
1857	2207 1
1438	2228 1
1885	1582 1
2146	670 1
1862	1411 1
1678	1213 1
1383	575 1
1410	2321 1
2330	1379 1
1396	1550 1
2441	1182 1
1321	2078 1
2211	1894 1
1263	1326 1
1132	2062 1
1655	600 1
1958	1169 1
1295	1996 1
1979	2022 1
1209	1306 1
2262	1420 1
1998	1971 1
1591	1433 1
1787	1797 1
2012	2446 1
2435	1826 1
1208	1914 1
1857	2173 1
1646	1485 1
1815	1539 1
1643	2363 1
1535	2107 1
1681	1330 1
2323	1303 1
1796	1481 1
299	1261 1
1226	1145 1
1770	555 1
1475	2302 1
1230	1630 1
1625	1785 1
1908	280 1
1779	1282 1
1659	1792 1
1689	2094 1
1177	1919 1
1450	1529 1
1459	2203 1
663	724 1
1283	2173 1
1326	2188 1
1844	1636 1
2440	1312 1
1366	1145 1
1727	2224 1
2044	280 1
667	1261 1
1236	2094 1
1600	1417 1
2416	562 1
607	601 1
1661	1685 1
1131	1369 1
567	1467 1
2016	1939 1
2348	1975 1
1830	1689 1
2398	2239 1
2367	1613 1
524	2069 1
1252	2142 1
2156	1143 1
595	1529 1
600	1535 1
1293	1132 1
2460	2107 1
2369	1253 1
1811	2352 1
2222	1182 1
1749	2094 1
1307	1385 1
1132	2341 1
2297	1861 1
1369	2403 1
2173	2269 1
1199	2454 1
524	670 1
1967	1417 1
1908	630 1
2398	1620 1
2095	1607 1
1419	1655 1
2191	1431 1
1613	1296 1
1264	2423 1
1652	2269 1
1678	1830 1
1796	2307 1
1403	1195 1
1132	1663 1
1132	2307 1
1678	1572 1
1773	2062 1
2123	1539 1
1604	1434 1
1950	2056 1
1667	1979 1
1989	2109 1
1946	1946 1
1693	1575 1
1258	1218 1
1283	1575 1
1648	18 1
2305	1823 1
2005	2308 1
1696	1509 1
1671	1877 1
1527	1522 1
2304	1132 1
508	543 1
1588	2306 1
1583	1391 1
1652	2383 1
564	2388 1
601	663 1
2401	1730 1
1538	1336 1
1783	1593 1
2012	1945 1
2275	1466 1
1132	1384 1
1410	1234 1
299	1253 1
1646	1282 1
1346	1683 1
2041	2258 1
2297	2280 1
1177	2161 1
1430	2094 1
1487	1411 1
1226	1832 1
1131	1419 1
2442	2082 1
2191	1982 1
2177	2022 1
1521	2387 1
1431	1282 1
2214	2052 1
2302	1261 1
2243	1372 1
1226	1137 1
2229	1406 1
2067	2124 1
98	1806 1
1778	2397 1
1519	1384 1
53	58 1
1208	1926 1
2215	1982 1
2185	1266 1
1895	1750 1
2013	1957 1
670	513 1
53	1252 1
1398	2425 1
2297	2301 1
708	1467 1
2049	2461 1
2204	1372 1
670	1287 1
2083	2399 1
2063	1522 1
2261	2145 1
1208	1771 1
1693	1961 1
2323	1239 1
1292	1598 1
1686	1132 1
1820	1642 1
1643	2241 1
2048	2392 1
1877	2329 1
1642	1830 1
670	1535 1
1742	2380 1
2238	1961 1
1860	2065 1
1303	2434 1
2113	1172 1
2146	1369 1
13	45 1
601	1895 1
2270	2447 1
1139	2297 1
2091	1815 1
1446	1226 1
2370	1830 1
2058	2454 1
1139	1830 1
2301	1576 1
1295	2018 1
2247	2062 1
1126	1950 1
2432	1981 1
1326	2022 1
1723	1395 1
1222	1586 1
1483	2413 1
1330	2392 1
2387	2269 1
1844	1263 1
2081	2231 1
601	1253 1
1908	2025 1
550	686 1
2320	1691 1
1431	2410 1
2304	1287 1
1308	1533 1
1292	1549 1
667	2161 1
2123	1659 1
1454	2056 1
1483	1154 1
1348	2396 1
1337	724 1
1538	1855 1
1855	2390 1
1737	2385 1
1766	2311 1
1264	1630 1
1354	2396 1
2111	2256 1
2184	1291 1
1297	2372 1
2446	1826 1
2226	2312 1
2166	2269 1
1187	1200 1
1817	1982 1
2436	1177 1
39	98 1
1489	1680 1
2261	2422 1
1356	1330 1
1873	1832 1
2449	1709 1
1733	1587 1
1730	2160 1
601	1750 1
2086	2110 1
1326	1220 1
2172	1689 1
1512	1830 1
2045	1177 1
1366	1830 1
2018	2406 1
2103	2104 1
1820	1861 1
1808	1152 1
1860	1999 1
1569	2079 1
1557	1129 1
2186	1450 1
1297	1871 1
1265	2052 1
2208	1784 1
1694	1469 1
600	1936 1
2022	1403 1
444	1976 1
2005	1969 1
1538	1528 1
2054	1295 1
441	336 1
2045	1261 1
1576	1385 1
600	1287 1
1264	1850 1
1743	2352 1
1228	1830 1
1458	1986 1
1498	2450 1
1783	1586 1
1132	2084 1
2002	1626 1
2408	1606 1
1885	1947 1
1820	1576 1
1247	1445 1
2329	1920 1
1903	2179 1
1628	1515 1
1343	1824 1
2369	2079 1
2344	1653 1
1509	1261 1
2238	1375 1
2019	1669 1
2426	1764 1
1652	1830 1
2067	564 1
2328	1753 1
2163	2338 1
1280	2245 1
1447	1724 1
1608	1830 1
2267	1653 1
1132	1796 1
2209	1369 1
2186	2403 1
1611	1886 1
1915	1989 1
1723	1981 1
1811	1738 1
1487	1613 1
2367	1132 1
2321	1535 1
39	1207 1
1844	1169 1
1142	1830 1
1410	1207 1
1467	299 1
1857	1979 1
1394	299 1
600	1385 1
2027	1529 1
1863	1458 1
1208	2337 1
1434	1999 1
2182	1144 1
2306	1493 1
1317	2447 1
1848	1213 1
1128	2062 1
1774	1345 1
1487	1379 1
2222	1210 1
1743	1455 1
1778	663 1
1615	595 1
1335	1979 1
1904	1526 1
1659	1947 1
2213	1534 1
1774	1586 1
2058	2325 1
1620	1945 1
45	33 1
1900	2050 1
2063	1817 1
2019	1207 1
2261	2229 1
1443	1551 1
1673	1510 1
1905	2393 1
2370	1386 1
2242	1766 1
2146	2069 1
1205	1789 1
601	299 1
1262	2365 1
2359	2204 1
2213	2096 1
1155	280 1
1383	2409 1
1431	1779 1
670	1656 1
2173	1179 1
1543	1510 1
2325	1330 1
1742	1462 1
2191	1983 1
1965	1545 1
1461	1622 1
2072	1450 1
1793	1139 1
2316	1522 1
1392	1658 1
1370	1758 1
1132	1656 1
1208	2208 1
1192	1609 1
1989	2019 1
53	1153 1
1791	1290 1
2263	1409 1
1197	1330 1
2069	2107 1
1354	1575 1
1908	1580 1
1393	2278 1
1208	1843 1
1625	2068 1
1456	1574 1
1858	2331 1
1849	1421 1
1349	2427 1
1477	1406 1
601	652 1
1319	1701 1
2119	1732 1
1820	1414 1
1783	1236 1
1649	1992 1
2134	1522 1
1470	2035 1
1595	1982 1
1595	1850 1
1439	2168 1
1655	515 1
1667	2306 1
1862	1947 1
1897	2228 1
1458	1840 1
1924	2003 1
1226	1830 1
2081	1792 1
1454	2107 1
1693	2010 1
1267	2163 1
1774	2116 1
1205	1417 1
2449	2040 1
1205	2194 1
1940	2094 1
1676	1376 1
2067	1129 1
1749	1342 1
2091	1539 1
579	1936 1
2108	1737 1
1785	1417 1
1646	1445 1
1817	1898 1
1231	2118 1
1914	1748 1
1926	1372 1
2017	1819 1
1940	1911 1
2351	1433 1
2316	2189 1
1629	1830 1
2275	1514 1
1341	1508 1
1742	639 1
2083	1933 1
2261	2104 1
1416	280 1
2046	2249 1
98	1234 1
1892	1570 1
2360	1523 1
2179	1685 1
1132	1434 1
601	280 1
1915	228 1
2168	2148 1
2219	1369 1
2092	1951 1
1806	1132 1
527	2025 1
2298	1312 1
2217	2443 1
1604	1987 1
1184	2447 1
2222	1384 1
1251	1522 1
1319	2271 1
1770	1155 1
2119	1920 1
1907	2394 1
1287	2062 1
1862	2450 1
1808	1503 1
2193	2065 1
2000	1572 1
1770	280 1
1461	2143 1
1694	2299 1
2191	1282 1
1564	1819 1
1702	1792 1
2355	1904 1
2095	1182 1
283	1621 1
1696	2275 1
1895	2161 1
1785	1947 1
2019	2202 1
2320	1346 1
1405	1374 1
2261	2192 1
2457	1426 1
1366	1449 1
1892	1739 1
2295	2297 1
1914	2412 1
1260	2360 1
1411	1888 1
1297	1900 1
663	1191 1
1595	1382 1
1582	1587 1
2072	2137 1
1625	2124 1
1836	1463 1
2048	2256 1
1852	1949 1
708	280 1
1989	2103 1
1763	1992 1
2183	1689 1
2037	1988 1
241	202 1
1265	1919 1
2416	2025 1
2146	2174 1
2257	98 1
2382	1582 1
1427	1337 1
2110	1526 1
2109	1989 1
1749	1261 1
1313	1485 1
1126	1773 1
2076	562 1
524	1369 1
1678	2061 1
1506	663 1
2342	1982 1
1205	1702 1
1700	2012 1
2072	595 1
259	1251 1
1389	2357 1
1403	2022 1
1132	1784 1
1142	1441 1
2126	2006 1
2146	1287 1
1419	2403 1
1527	1424 1
1830	1576 1
1873	1502 1
500	595 1
2387	1689 1
2191	1440 1
336	1371 1
1349	1469 1
2047	1188 1
1878	1982 1
1968	1489 1
1354	1830 1
1892	2430 1
1425	1376 1
2292	1630 1
2425	1398 1
515	2326 1
1647	1824 1
1820	1830 1
2396	1602 1
2230	1182 1
1967	1785 1
1767	2164 1
1887	2214 1
1655	1761 1
500	1535 1
1991	2307 1
1236	1679 1
1851	1999 1
662	2154 1
2347	1898 1
579	1534 1
1822	1716 1
1806	1241 1
708	724 1
2391	2112 1
1346	1132 1
2058	2205 1
1482	1595 1
1646	1722 1
2016	1666 1
2383	2370 1
1641	2075 1
2266	2085 1
2360	2208 1
1342	1191 1
2002	2051 1
1667	1981 1
591	1625 1
1888	1939 1
1199	1241 1
84	26 1
2455	1156 1
2172	1453 1
2194	2256 1
1989	1927 1
1187	1375 1
719	601 1
2326	1372 1
1965	2428 1
591	2230 1
1482	1898 1
1984	1975 1
1742	1766 1
1569	1261 1
1269	1182 1
1743	1482 1
1567	1383 1
1593	1830 1
2382	565 1
2328	1945 1
1857	1550 1
2063	1835 1
1723	2446 1
1632	1956 1
1538	1811 1
1686	1519 1
2209	2186 1
2440	1764 1
1698	1198 1
579	1287 1
1494	2269 1
1390	1214 1
1411	1721 1
1873	2301 1
1985	1505 1
2189	1817 1
1918	1155 1
1184	2433 1
1346	2320 1
1205	1411 1
1800	1290 1
1533	1236 1
2391	1221 1
1597	1636 1
1506	1895 1
524	2146 1
2361	1477 1
2261	1212 1
1686	1509 1
1787	2214 1
1773	2010 1
2314	1526 1
1989	1263 1
1572	1484 1
1583	2432 1
2358	2411 1
1390	2216 1
1680	2412 1
1475	1342 1
1862	1539 1
1940	1246 1
1340	555 1
53	2075 1
1314	1598 1
2213	1385 1
1971	2087 1
2091	2367 1
2081	1651 1
2172	1190 1
2092	2079 1
2072	1285 1
1878	1898 1
515	2279 1
1162	1465 1
1356	2036 1
1892	1550 1
564	2079 1
2111	2194 1
2072	1894 1
1814	1645 1
2429	2095 1
2048	1935 1
1940	2245 1
1296	1792 1
2254	1960 1
2280	1830 1
1553	1586 1
2219	1656 1
1725	1137 1
1868	1219 1
2310	2171 1
2247	1227 1
2172	2269 1
2071	2322 1
2410	1372 1
1991	1426 1
1249	1587 1
1695	1739 1
2238	1674 1
2300	1479 1
1673	1685 1
1467	280 1
1706	2413 1
2081	1300 1
1625	1885 1
2146	579 1
1229	1666 1
1588	1403 1
1440	1972 1
2123	1815 1
2412	2447 1
1775	1666 1
2348	2312 1
2267	1666 1
2319	2421 1
2320	1535 1
1495	1982 1
1419	2069 1
1132	1550 1
1696	1191 1
1226	2363 1
45	2301 1
567	555 1
1225	1420 1
2124	1895 1
1375	2057 1
1655	2211 1
1810	1444 1
2124	2214 1
1294	1929 1
2123	2367 1
1425	1499 1
1905	1369 1
2081	1967 1
2115	53 1
85	1739 1
639	2171 1
1605	1205 1
1257	2164 1
1354	1149 1
1897	2014 1
2028	1643 1
1208	2412 1
2440	2406 1
1408	1421 1
1631	2324 1
708	1895 1
2139	2224 1
515	1936 1
1839	1982 1
1354	2173 1
2346	2406 1
2293	1990 1
1787	1338 1
1243	2367 1
2395	1188 1
1894	2137 1
1297	1142 1
2012	2034 1
2428	1837 1
1461	2096 1
1643	1385 1
1762	1582 1
2234	1175 1
1586	1830 1
1569	280 1
1326	2037 1
1199	2107 1
2225	1656 1
1292	2430 1
84	1210 1
1615	1655 1
1544	1191 1
1354	33 1
1830	2301 1
1431	1232 1
1209	708 1
1457	2095 1
2379	1469 1
2304	2430 1
1894	1894 1
1610	2312 1
1686	1184 1
2347	1663 1
2256	1935 1
1907	2062 1
1892	1680 1
1720	2378 1
2341	1219 1
1342	2006 1
1862	1785 1
2119	2428 1
2336	1145 1
1610	1313 1
1572	2357 1
1342	1955 1
2072	2186 1
1803	1406 1
1507	2093 1
1802	2050 1
1359	1648 1
1474	1910 1
2320	1132 1
1906	2301 1
1934	1931 1
1807	1499 1
2067	562 1
1341	1598 1
2281	1615 1
1544	2065 1
724	2107 1
1431	1403 1
1949	1312 1
387	1153 1
1995	2009 1
9	2431 1
1820	1586 1
2242	2311 1
1528	1403 1
1240	1261 1
1132	2404 1
2183	2094 1
1132	2447 1
1303	1623 1
1956	1547 1
1206	2079 1
1467	1563 1
2177	1403 1
2007	2001 1
1436	2340 1
2283	1670 1
1814	1750 1
2210	1750 1
2234	2417 1
1275	2437 1
1573	1145 1
2243	1876 1
1438	1127 1
1806	2409 1
2295	1622 1
2387	1385 1
2429	2186 1
1283	2207 1
2341	2256 1
1132	1245 1
1842	2312 1
2156	1395 1
1126	1590 1
1294	1961 1
1857	1898 1
1155	630 1
1897	1795 1
1692	1748 1
2072	2213 1
2220	1664 1
1425	1270 1
1132	1468 1
2293	1208 1
1230	2155 1
2289	2104 1
2022	1127 1
1151	1127 1
1348	2383 1
2247	1613 1
2209	2062 1
2397	1261 1
1344	1445 1
1715	1658 1
1143	1739 1
18	33 1
29	1945 1
2227	2419 1
1399	2394 1
2167	2182 1
202	2400 1
2333	1141 1
1696	1177 1
1494	1739 1
1924	2319 1
2156	1821 1
508	1971 1
1678	2043 1
2324	2186 1
2295	1575 1
1974	1709 1
2173	1550 1
1671	2248 1
1643	1629 1
670	2326 1
2189	1841 1
1694	2461 1
280	1750 1
53	1634 1
2283	1736 1
2255	1511 1
1458	1997 1
2166	2125 1
2185	2454 1
2090	1689 1
1548	1947 1
1991	2442 1
2256	2277 1
2396	1149 1
719	2369 1
1939	1607 1
1761	2403 1
1692	1508 1
1686	2065 1
2044	2101 1
1511	2037 1
2060	1469 1
1430	1586 1
1830	1861 1
2369	2388 1
2378	2164 1
1615	579 1
1131	2324 1
286	1805 1
1873	1499 1
2196	1514 1
2159	1162 1
1382	1143 1
1276	2024 1
667	280 1
1141	1326 1
2377	1404 1
2441	1785 1
2410	2287 1
1405	2231 1
2209	1324 1
1289	2319 1
1780	1445 1
1839	1898 1
1687	1621 1
1241	2339 1
1761	1529 1
1588	2037 1
667	1191 1
1569	1291 1
1748	1692 1
2104	1169 1
1606	1203 1
1958	1590 1
2128	2108 1
1382	1960 1
1142	1945 1
1658	1392 1
1667	1127 1
1824	2154 1
1647	639 1
2458	1665 1
1128	2104 1
2067	601 1
2388	2079 1
1989	2030 1
1454	1220 1
1585	2021 1
1525	2236 1
2399	1501 1
84	1689 1
1648	2396 1
2359	1203 1
1811	1941 1
2046	1826 1
2178	1546 1
1775	2118 1
1495	1371 1
1687	1830 1
1686	1788 1
1356	2392 1
1319	1511 1
1528	1141 1
1821	1127 1
1494	1375 1
1702	1141 1
1700	2034 1
280	2161 1
1199	1220 1
579	1535 1
1625	1837 1
1738	1195 1
2281	1362 1
2184	1261 1
1269	1885 1
1718	2066 1
1643	1575 1
2412	1748 1
2207	1149 1
1780	2204 1
1857	2269 1
1441	1391 1
2071	1613 1
1162	1807 1
1733	2350 1
1446	1713 1
2324	1450 1
2139	2337 1
1652	2207 1
35	1441 1
2344	1541 1
308	228 1
1861	1830 1
2449	2190 1
2201	1191 1
1208	1618 1
1686	1860 1
1817	1550 1
1187	1575 1
1873	1677 1
1659	2186 1
2129	2065 1
2076	2025 1
1230	663 1
1204	1161 1
542	513 1
1950	1220 1
1399	1169 1
1597	1776 1
2402	1663 1
2242	1462 1
2330	1474 1
1659	2095 1
1155	1209 1
1370	1863 1
2358	1830 1
1989	1445 1
2028	1433 1
1461	2154 1
2124	663 1
1854	1498 1
1431	1127 1
2225	1953 1
2334	1549 1
1208	1956 1
1319	1282 1
2153	1508 1
1774	1312 1
2018	2418 1
1887	663 1
1391	1981 1
1132	1823 1
524	1534 1
2361	1657 1
1403	1282 1
2146	1607 1
2202	1669 1
1132	2208 1
1693	1830 1
1295	2263 1
2440	2116 1
1774	2094 1
1992	1721 1
2186	1656 1
2067	724 1
1796	2160 1
1342	1586 1
1852	2028 1
1346	1860 1
1861	1586 1
1590	2277 1
2280	1889 1
1917	1428 1
1205	1885 1
2073	1961 1
2351	1391 1
2280	1689 1
524	1535 1
2143	2431 1
1509	1191 1
2342	1282 1
2441	2203 1
2026	1129 1
2060	2014 1
2101	1971 1
1226	2298 1
1544	1261 1
1416	1474 1
1837	1576 1
1522	1154 1
1770	1666 1
2095	2186 1
1586	1861 1
1128	1263 1
2386	1182 1
601	578 1
1434	2430 1
1133	1282 1
2256	1219 1
2048	2277 1
2305	1140 1
1863	1997 1
663	1919 1
578	630 1
2177	1151 1
1716	1822 1
1341	2392 1
1766	2380 1
1659	2429 1
1987	2394 1
1550	2326 1
1354	2269 1
2272	2298 1
1812	1784 1
1356	1970 1
1275	1292 1
2437	2009 1
1533	1414 1
1390	1923 1
1188	1935 1
1445	1290 1
1967	1888 1
1900	1458 1
1906	2315 1
35	2424 1
1965	2329 1
1967	2450 1
1151	1898 1
2076	663 1
2072	1656 1
2184	1587 1
2430	1526 1
1329	1380 1
1939	2386 1
2236	2395 1
1642	1512 1
1958	2194 1
2142	1252 1
1169	1141 1
2430	1468 1
1128	1207 1
2322	1399 1
2235	2104 1
1198	1773 1
1382	1866 1
2063	1207 1
2359	1805 1
1334	2006 1
1689	1861 1
1833	2120 1
1949	1395 1
2072	1287 1
1766	2396 1
2136	1137 1
1375	1200 1
1775	1759 1
1315	1956 1
2076	724 1
1381	2439 1
578	280 1
1538	1255 1
1427	1261 1
1443	1739 1
1889	2094 1
1415	1607 1
1820	2094 1
1681	2093 1
1208	1565 1
1738	1982 1
2179	1290 1
1132	1644 1
1729	1294 1
1686	1846 1
1483	2140 1
1242	2251 1
1984	2312 1
2053	1357 1
2058	2058 1
1359	1149 1
1858	1558 1
2129	1896 1
1824	639 1
2246	1368 1
1457	1982 1
1640	1902 1
2383	2236 1
1742	1758 1
1961	1929 1
1881	1759 1
1868	1981 1
2240	1928 1
2207	1190 1
1800	2101 1
1402	2066 1
2136	2116 1
1588	1127 1
2446	2363 1
2460	2194 1
1493	1282 1
1194	1981 1
1707	1759 1
1749	1509 1
2122	2122 1
602	595 1
2029	1692 1
2084	1182 1
1995	1406 1
2359	1251 1
601	624 1
1381	2341 1
1809	1601 1
2221	1597 1
2167	1329 1
579	2279 1
2230	1785 1
1932	1623 1
2401	1345 1
1155	299 1
1329	2155 1
1648	1190 1
1226	1643 1
1821	1898 1
280	1135 1
1251	1445 1
1747	1666 1
1186	2161 1
2324	2160 1
1720	2284 1
1279	1564 1
1966	2148 1
2141	1631 1
1667	1898 1
2250	1282 1
1742	1458 1
1511	1779 1
1852	1433 1
1730	1484 1
1145	1830 1
1458	1183 1
1993	1452 1
1303	2118 1
13	1689 1
2146	1241 1
2141	1582 1
1289	2003 1
2341	1330 1
1966	2168 1
2065	1261 1
1308	1709 1
1648	1354 1
1854	2304 1
1161	1372 1
1875	2311 1
1431	1821 1
1852	441 1
1582	1261 1
719	299 1
1307	1830 1
2342	1739 1
2081	2171 1
2398	1295 1
2141	2065 1
1821	2022 1
1509	1177 1
2022	1282 1
1595	1960 1
1765	1252 1
1648	2207 1
2272	1366 1
2266	1994 1
2071	1162 1
1410	2107 1
1614	2381 1
1855	1127 1
1787	2052 1
1459	2003 1
1886	1739 1
1260	1750 1
1284	1139 1
2123	1306 1
1326	1982 1
1605	1463 1
2068	2186 1
1949	1295 1
2092	2110 1
1339	2022 1
1743	1208 1
2179	1661 1
1226	1642 1
1681	2021 1
1655	2137 1
2037	1282 1
1155	1563 1
1708	1282 1
1319	1779 1
2068	1384 1
2256	2430 1
1431	1898 1
1631	1447 1
1971	1672 1
1443	2277 1
1785	2450 1
1419	1615 1
1509	1582 1
2136	1138 1
2305	1663 1
1151	2022 1
2148	1731 1
1943	1896 1
2214	1895 1
1667	1588 1
2204	1645 1
1678	2357 1
2449	1786 1
1531	2138 1
2349	2186 1
1126	2056 1
2007	1622 1
2239	1395 1
1854	1872 1
1311	2281 1
1184	1796 1
2428	2140 1
1774	1911 1
2072	2209 1
663	1582 1
1873	2062 1
202	1127 1
2181	1412 1
2415	2102 1
2289	2452 1
2298	2263 1
1519	2065 1
1162	1399 1
1367	1622 1
1725	1830 1
2312	2311 1
283	1324 1
1719	1495 1
1989	1290 1
1939	1417 1
2343	1273 1
670	2069 1
1560	2117 1
1886	1702 1
2236	1961 1
1646	1422 1
2325	2205 1
1317	1717 1
1788	2121 1
1291	2155 1
1482	1143 1
98	1162 1
1326	1127 1
2301	1179 1
1332	1476 1
1522	1252 1
1903	1819 1
2410	1194 1
2230	2386 1
1325	2364 1
1203	2204 1
1231	1759 1
1476	1867 1
1887	1129 1
1787	1895 1
1518	2013 1
2058	1961 1
1686	1346 1
1918	562 1
507	652 1
1132	1576 1
2134	1496 1
1794	652 1
1257	1306 1
1854	2394 1
2358	1366 1
1488	1822 1
1512	1575 1
1161	2018 1
1950	1939 1
1820	1689 1
1989	2056 1
1475	2006 1
1339	2439 1
1348	1689 1
1494	1200 1
1576	1586 1
2280	1906 1
1489	1476 1
1774	2363 1
2261	2287 1
1253	2079 1
710	724 1
1668	1935 1
2053	450 1
1849	515 1
1132	2093 1
2438	1372 1
1730	1526 1
1599	1945 1
2072	600 1
670	579 1
2123	1684 1
2236	1739 1
2094	1145 1
1515	1807 1
2038	1564 1
2100	1702 1
1673	1819 1
1990	1208 1
1735	1872 1
1276	1302 1
1236	2090 1
2270	2412 1
2012	1395 1
2207	1575 1
1264	1699 1
1940	2078 1
1363	1633 1
1820	1679 1
2261	2103 1
1317	1430 1
1673	1543 1
1870	2107 1
1643	1369 1
2038	1685 1
2050	1730 1
1652	1354 1
1282	1127 1
1742	2086 1
1661	1819 1
2092	280 1
1287	1182 1
1173	1287 1
663	280 1
1795	1501 1
1951	1622 1
1553	1140 1
1328	2276 1
1989	1251 1
1762	1415 1
1861	1526 1
1925	2171 1
1671	2329 1
2220	2447 1
1449	1830 1
1892	1326 1
1655	2209 1
202	1224 1
2247	2237 1
2312	2396 1
1588	1970 1
2217	1813 1
2293	1748 1
1226	2018 1
2235	2261 1
1728	1318 1
1948	1388 1
1498	1935 1
1155	2374 1
1764	2245 1
1205	1837 1
1789	2394 1
1438	1282 1
2261	1777 1
2162	1220 1
2083	1259 1
1830	2094 1
1419	1385 1
1348	2297 1
98	1132 1
1989	1805 1
1381	1817 1
1904	1385 1
1614	1372 1
2230	1950 1
2200	1533 1
1728	1235 1
1783	1830 1
1924	85 1
1291	565 1
2177	1821 1
1761	2069 1
1396	1754 1
1852	1137 1
1236	1326 1
2209	1287 1
2398	1395 1
1507	1501 1
2361	1180 1
1494	1830 1
1580	280 1
527	562 1
2217	1622 1
2342	1970 1
2081	2450 1
2194	1132 1
2139	1981 1
1705	1913 1
1411	1785 1
1528	1821 1
1966	1963 1
2213	2137 1
1710	1953 1
1782	1944 1
2028	2114 1
500	1677 1
1359	2231 1
601	1523 1
2131	1904 1
1949	1981 1
2310	1666 1
2401	2405 1
1184	1384 1
2256	2392 1
2028	1137 1
1132	2059 1
1806	1575 1
387	1706 1
1126	1347 1
2033	1217 1
2281	1967 1
2386	1417 1
1541	280 1
1987	1412 1
575	2392 1
2321	2162 1
1895	1261 1
1132	1935 1
1482	1903 1
1160	1695 1
1130	1748 1
1904	2014 1
2079	1523 1
575	1132 1
1585	2404 1
1348	1517 1
1512	2224 1
1334	1259 1
1538	1726 1
1904	2430 1
1628	2341 1
2216	2152 1
1901	1738 1
2172	2297 1
2281	1369 1
1990	2433 1
2333	1314 1
1656	1953 1
1899	1165 1
2146	1936 1
1931	2431 1
1423	1399 1
2052	1856 1
1525	2395 1
1387	1222 1
1512	1145 1
1392	1715 1
2369	630 1
1297	1271 1
2284	1666 1
2397	1177 1
2429	1182 1
1640	2170 1
2053	1153 1
1603	1302 1
1495	2456 1
2214	1129 1
1940	2298 1
2295	1550 1
1461	1951 1
1951	2110 1
2297	1689 1
1282	1982 1
2045	1129 1
1299	2079 1
1855	1898 1
1354	18 1
2094	1830 1
1652	1517 1
1755	2269 1
1690	2074 1
1132	1508 1
1628	2194 1
1321	2245 1
1129	1919 1
1203	1927 1
1442	1424 1
1260	630 1
2327	2072 1
1288	1263 1
2123	1132 1
1971	1970 1
2268	2408 1
601	520 1
1950	2137 1
2235	1617 1
1130	2412 1
1855	1336 1
1725	1395 1
1228	2126 1
2044	1225 1
1962	1823 1
1820	1783 1
1696	1430 1
2295	1348 1
2239	2398 1
2217	1532 1
1628	1141 1
1648	26 1
2261	1252 1
1888	1947 1
2364	1956 1
1343	639 1
1738	1282 1
2068	1837 1
1838	2142 1
2285	2087 1
1173	1986 1
673	565 1
1142	1906 1
1696	1587 1
1474	1252 1
29	2170 1
2139	1137 1
719	280 1
2442	1261 1
1572	2050 1
2071	2081 1
1635	2280 1
2154	1824 1
2037	1982 1
1205	2240 1
1432	1935 1
2118	1666 1
601	630 1
2206	1501 1
2146	1385 1
1631	1261 1
1415	2304 1
2048	1903 1
1337	1261 1
1743	1474 1
579	1677 1
1131	1376 1
2304	2450 1
1378	2366 1
2234	2269 1
1411	1607 1
1341	2181 1
2460	1935 1
2050	1458 1
1837	2184 1
2153	2395 1
1126	1306 1
2236	1929 1
1132	1220 1
1762	1576 1
1205	1666 1
1657	1406 1
2440	2018 1
1319	1219 1
1236	1830 1
2323	1541 1
1892	2080 1
1808	2191 1
2183	1149 1
1458	1358 1
2071	1375 1
2063	2240 1
524	2326 1
708	648 1
1652	2396 1
2171	1575 1
1126	2144 1
2247	2104 1
1446	2286 1
2280	1586 1
2459	1129 1
2434	1666 1
1482	1910 1
1908	562 1
1858	1528 1
1991	1384 1
1538	1127 1
1648	2269 1
1351	1576 1
2072	1730 1
579	595 1
1635	1643 1
213	1769 1
2289	2243 1
1595	1866 1
1419	2186 1
2449	2414 1
2177	1898 1
1512	1586 1
2460	2341 1
1979	1757 1
1419	1376 1
1778	1177 1
2247	1132 1
2172	1693 1
1422	1975 1
1720	1463 1
1544	2350 1
1440	1971 1
2220	1665 1
579	1369 1
1780	1252 1
1483	1153 1
2393	2244 1
1742	2050 1
1206	1394 1
1862	2386 1
2451	2294 1
1613	1886 1
13	1813 1
2410	1738 1
1965	1920 1
2289	1702 1
1767	1666 1
1943	2065 1
1698	2218 1
299	280 1
1265	1261 1
2086	2096 1
1588	2356 1
1326	1734 1
1519	1987 1
2215	2022 1
2177	1195 1
1474	1666 1
2284	2164 1
1132	1385 1
1177	2187 1
1375	1575 1
2191	1779 1
2050	1216 1
1624	1672 1
667	1582 1
1296	1401 1
2056	1576 1
500	1385 1
575	1330 1
2348	1485 1
1339	2037 1
2121	2151 1
527	724 1
1887	1177 1
2025	724 1
2225	2403 1
2302	2006 1
2131	1141 1
630	2079 1
1315	1586 1
2455	1369 1
1538	1282 1
2143	2096 1
2373	1800 1
1317	1696 1
1848	2050 1
1126	1823 1
1663	1899 1
1817	1169 1
2374	280 1
1126	1189 1
2297	2269 1
2311	2431 1
1299	1467 1
1173	1534 1
2457	1664 1
1785	1939 1
2374	2079 1
1507	1330 1
1222	1830 1
1909	1772 1
1785	2107 1
1894	2096 1
2220	1426 1
2121	1587 1
2067	2079 1
2360	2079 1
1284	1793 1
1773	1739 1
1132	1330 1
1775	1239 1
1431	2215 1
2440	2078 1
1814	1193 1
1184	1481 1
2449	1349 1
1886	1141 1
2441	1885 1
1627	2135 1
1132	1665 1
1931	2096 1
1742	2312 1
1604	1598 1
1351	1300 1
2374	1253 1
1461	2135 1
1591	1945 1
1324	1586 1
2049	1694 1
1323	2075 1
1487	2367 1
1739	1282 1
595	1220 1
2283	1127 1
607	724 1
1512	2055 1
1300	2107 1
1276	2393 1
1226	1312 1
98	2104 1
2316	1251 1
2429	2084 1
2310	1562 1
2062	2430 1
1208	1547 1
2137	1535 1
1319	2256 1
1383	1330 1
2289	1579 1
2306	1127 1
2039	2087 1
2104	2422 1
1848	1572 1
1548	1939 1
2242	639 1
1814	1817 1
1839	1127 1
1799	1841 1
1656	2403 1
1326	1830 1
1226	1620 1
1820	1921 1
1851	1530 1
2327	2253 1
2069	1936 1
2163	2116 1
1749	1177 1
1206	630 1
268	1482 1
1611	1220 1
2370	1140 1
2369	280 1
1134	1865 1
2342	1143 1
1473	1145 1
2322	2056 1
1950	1762 1
1646	1318 1
2155	565 1
1787	2161 1
670	1369 1
1451	1492 1
1898	1282 1
1905	2244 1
1474	1898 1
1251	2185 1
2111	1535 1
1778	710 1
1127	1282 1
1984	1463 1
2069	1287 1
2434	1132 1
2369	1135 1
1421	1905 1
1900	1874 1
1632	1830 1
564	280 1
579	2326 1
1795	2228 1
2033	2153 1
2401	2055 1
2204	1153 1
1643	1642 1
1586	1689 1
2181	1551 1
1585	2093 1
1993	1813 1
1873	1376 1
2045	2161 1
1416	2079 1
1132	1999 1
1389	1413 1
2235	1634 1
1787	1177 1
1531	1415 1
1169	1982 1
2449	1898 1
2066	2394 1
1390	1753 1
1131	1425 1
1205	1534 1
1307	1210 1
2078	2245 1
2189	2394 1
1785	1182 1
1848	1741 1
1855	1232 1
1820	2297 1
1431	2176 1
2089	1511 1
2377	1830 1
1315	2196 1
2428	1496 1
1643	1145 1
1746	2001 1
1742	2242 1
2343	1660 1
1458	2132 1
2243	1768 1
2154	1132 1
2349	1695 1
663	1261 1
2316	1780 1
1423	1169 1
2328	2165 1
13	26 1
1228	2278 1
2154	1576 1
1421	2244 1
1875	1294 1
2064	1569 1
1974	1469 1
1415	2450 1
1805	2104 1
2006	1191 1
1416	1523 1
2043	1210 1
2388	1750 1
2071	1399 1
2094	1861 1
2092	2311 1
1916	2022 1
1269	1785 1
2052	1261 1
1898	1403 1
2071	1950 1
1635	1830 1
45	1813 1
601	1474 1
1754	1746 1
2284	1418 1
2194	2341 1
1844	2460 1
2393	2007 1
13	2301 1
2209	1761 1
1680	2173 1
2177	1127 1
2028	1391 1
1269	1472 1
1132	1529 1
1204	1751 1
2267	1623 1
1844	1590 1
1766	2393 1
1967	2225 1
2297	1830 1
2445	1788 1
2122	2345 1
2076	710 1
2349	1710 1
1473	1137 1
2451	1635 1
2312	1928 1
1676	2363 1
1888	2450 1
1132	2175 1
1205	1886 1
515	595 1
1369	2062 1
2238	1200 1
2141	1895 1
1465	1982 1
2426	2363 1
1317	35 1
1515	2277 1
1162	2341 1
2195	1237 1
2327	1676 1
2134	2204 1
2242	2086 1
2356	1524 1
1583	2114 1
1931	1490 1
1250	2216 1
2460	1220 1
1640	2448 1
2426	1295 1
1990	2293 1
45	18 1
1696	2094 1
1588	1339 1
283	1830 1
1958	2341 1
1908	1253 1
2386	2450 1
1440	1970 1
1705	1526 1
2186	1369 1
1303	1867 1
1837	1261 1
2412	1692 1
2178	1884 1
2373	2332 1
1192	1548 1
2374	630 1
667	1919 1
1186	2079 1
2213	1894 1
1313	2226 1
1538	2177 1
1861	2094 1
1441	1756 1
1600	2267 1
2293	2296 1
2103	1636 1
2072	2403 1
1970	1845 1
2295	2070 1
1638	1686 1
1446	1486 1
2430	2241 1
1354	1622 1
2137	2107 1
2303	2065 1
1252	1838 1
1538	1232 1
1354	1689 1
2343	1577 1
1764	1869 1
1968	1695 1
1291	2450 1
1918	607 1
1930	1594 1
1454	1287 1
2359	1522 1
1416	630 1
1494	1575 1
2354	2199 1
1883	1523 1
2064	1261 1
1298	1537 1
2280	2301 1
1237	2195 1
1556	1936 1
1569	2201 1
1903	1685 1
2173	1622 1
1906	2094 1
1401	1971 1
1968	1233 1
1844	2341 1
1349	2414 1
1187	2238 1
1990	1261 1
601	1261 1
2198	2158 1
1809	1251 1
1894	600 1
1467	1253 1
1440	1998 1
1315	2094 1
595	513 1
2223	2103 1
2077	2394 1
1317	1426 1
555	262 1
2056	2256 1
2044	724 1
1209	1759 1
1477	1314 1
286	228 1
2254	1866 1
1915	1805 1
2131	2060 1
1349	1898 1
1132	2160 1
2446	1981 1
1820	1696 1
262	2079 1
1930	1448 1
1881	1418 1
1275	2063 1
2373	1445 1
1807	1220 1
2412	2265 1
1703	1785 1
1311	1884 1
1446	1252 1
2457	2350 1
1543	1218 1
1572	1369 1
1585	1330 1
1465	2181 1
1969	1750 1
2010	1929 1
1868	1511 1
202	2390 1
1422	2312 1
1658	1715 1
2006	1586 1
1519	575 1
515	600 1
1548	1291 1
2104	1522 1
719	1253 1
1164	1759 1
1690	1366 1
1378	1175 1
1607	1529 1
1574	1251 1
1609	1539 1
1458	2160 1
1151	2099 1
1640	1251 1
1181	2115 1
1403	1819 1
1289	1388 1
1609	1702 1
2432	1996 1
2026	1430 1
1431	1979 1
1495	1970 1
2215	1779 1
1202	1961 1
1855	1941 1
1279	1819 1
1965	1877 1
2206	1127 1
1446	2298 1
2146	2186 1
2282	1182 1
2081	1702 1
1600	1939 1
1648	1575 1
2267	1474 1
1431	2022 1
1849	2244 1
1431	2037 1
1593	1586 1
2396	2269 1
2426	1137 1
1919	1587 1
2316	2019 1
555	1301 1
2449	1469 1
1489	2173 1
1951	2431 1
2379	2414 1
2068	1785 1
1283	1806 1
1723	1143 1
1443	1272 1
1774	1764 1
1949	2114 1
2318	1350 1
2006	1830 1
2429	1607 1
1241	1287 1
1817	1680 1
2079	1750 1
1383	1132 1
1431	2099 1
1317	2296 1
2449	1441 1
1632	2377 1
1132	2171 1
2280	1236 1
2216	2020 1
2211	2137 1
2320	2065 1
1770	1467 1
591	1684 1
2436	1712 1
1160	1702 1
1186	1523 1
29	2074 1
1882	1464 1
1787	1919 1
2127	1501 1
1540	1280 1
1780	1203 1
601	1919 1
2033	1714 1
2019	1805 1
1802	1665 1
9	2096 1
1196	1266 1
1604	1132 1
2019	1445 1
2388	2161 1
1689	1830 1
1348	2269 1
1873	1369 1
1324	2094 1
1837	2329 1
1510	1543 1
1926	2350 1
1509	2184 1
1574	1711 1
1461	1806 1
2234	1388 1
2003	1622 1
1128	1234 1
1811	1821 1
1971	1256 1
1382	1850 1
2388	1523 1
1809	1927 1
2295	1179 1
1574	1227 1
1984	1928 1
2143	2311 1
1693	2297 1
2280	1642 1
2222	2084 1
1408	1905 1
2299	1469 1
1989	2204 1
2016	1885 1
663	2201 1
1411	2084 1
1950	600 1
1965	2290 1
1599	2153 1
2401	1145 1
1898	1127 1
1805	1445 1
1205	1759 1
1328	1989 1
1369	1529 1
2056	2450 1
1770	710 1
500	1534 1
1475	2094 1
1231	1666 1
1218	1258 1
2133	1542 1
1916	1326 1
515	1369 1
1950	1785 1
1337	1582 1
1531	1306 1
527	710 1
1126	2305 1
1329	1291 1
2289	1522 1
1422	1485 1
1908	724 1
1915	1592 1
1812	1947 1
2177	1282 1
2393	1730 1
2398	1578 1
1908	1606 1
1730	1986 1
1470	2240 1
1538	1979 1
2297	1575 1
2242	1758 1
2256	1508 1
1465	1515 1
1802	1840 1
1870	1807 1
1356	1807 1
2431	2096 1
2327	1128 1
1862	1939 1
1696	2006 1
2216	1263 1
1147	1755 1
639	1414 1
2211	2431 1
1236	1689 1
1849	2209 1
1230	1895 1
2215	1403 1
1887	2124 1
2354	1407 1
1721	1381 1
1676	1145 1
1692	1550 1
1742	2311 1
1526	1830 1
1465	1702 1
1548	1569 1
1676	1643 1
1615	600 1
39	1234 1
2002	1176 1
1343	1370 1
1940	1752 1
1643	1512 1
1205	1785 1
1544	1582 1
2193	1261 1
2071	2056 1
1512	1861 1
1723	1949 1
1579	2107 1
1678	1307 1
1451	1622 1
1315	2006 1
555	2388 1
1849	2160 1
1538	2410 1
1331	1661 1
2037	2022 1
1475	1830 1
1827	2364 1
1132	1534 1
1624	2285 1
1667	1739 1
2410	2022 1
1676	1904 1
444	387 1
1208	2105 1
1629	2253 1
600	669 1
444	1247 1
1969	1595 1
2328	1142 1
2124	2052 1
2139	2245 1
1703	1885 1
1992	1411 1
1331	1279 1
2183	2269 1
1794	724 1
1907	1141 1
1275	2157 1
1463	547 1
1519	2304 1
1253	2138 1
2323	1215 1
1830	1145 1
2261	2204 1
1939	1182 1
1788	1985 1
591	1411 1
1451	1639 1
2447	2317 1
2098	1616 1
2289	1234 1
1775	1476 1
2341	1220 1
662	2056 1
1894	1999 1
1538	1981 1
1276	1333 1
2314	2376 1
2383	2305 1
1461	1144 1
1643	1526 1
1264	1201 1
1197	1575 1
1824	1555 1
2310	1925 1
2256	2341 1
1389	1730 1
1308	1469 1
1906	1830 1
2146	515 1
2153	1938 1
1265	1177 1
2068	1607 1
2086	2311 1
2346	1764 1
2240	1482 1
1233	1666 1
1785	2386 1
1184	2270 1
1478	1920 1
1915	1613 1
1231	1680 1
1463	1324 1
1208	2385 1
1528	1282 1
1967	2403 1
1431	1738 1
2081	1739 1
1818	1942 1
2324	1677 1
2401	1643 1
2028	1441 1
1205	1399 1
1742	1370 1
1253	1135 1
1526	2335 1
1491	1661 1
1506	2161 1
1359	2207 1
1375	1326 1
98	39 1
1593	2094 1
1402	555 1
2181	1807 1
2115	1837 1
2375	1954 1
1489	1867 1
1247	444 1
2191	1878 1
1802	1710 1
2316	1483 1
1319	1738 1
1814	1153 1
1498	2211 1
1862	1205 1
2086	1951 1
1208	1748 1
1275	1760 1
1186	1135 1
1940	1395 1
1208	1960 1
1643	1861 1
2236	1526 1
1783	2090 1
1519	1287 1
1391	1725 1
1915	2325 1
2242	1555 1
2247	1207 1
1782	1485 1
1391	1145 1
1824	2171 1
2460	2181 1
2008	1132 1
1814	2240 1
1820	2301 1
1990	2296 1
1494	2297 1
2209	1285 1
1283	2269 1
1132	1502 1
2053	2413 1
2322	1702 1
2056	1220 1
1709	2228 1
1383	1935 1
1978	2228 1
1611	1141 1
1173	1953 1
2072	1953 1
1615	1894 1
1615	1781 1
2072	2096 1
1322	1136 1
2291	1223 1
2426	2406 1
1415	1576 1
1610	1975 1
547	619 1
2281	1376 1
1623	1759 1
1934	1490 1
1742	1555 1
1643	2224 1
1322	2365 1
1280	2116 1
2063	1352 1
1147	26 1
2394	2107 1
1446	1295 1
1482	1811 1
1474	1527 1
1968	2240 1
286	308 1
1906	1163 1
1132	2350 1
1569	2450 1
1878	1493 1
1648	1149 1
2329	1485 1
2211	2096 1
1904	1141 1
1805	1207 1
2459	2184 1
1949	1137 1
1648	33 1
670	1534 1
1770	2079 1
2384	2042 1
1223	1884 1
1196	1238 1
1918	710 1
1522	1372 1
1590	2048 1
1242	600 1
2076	1794 1
1205	2077 1
1469	2014 1
1537	1298 1
1162	1590 1
1318	565 1
2301	1575 1
1533	2090 1
1628	1296 1
2214	1919 1
591	587 1
1695	1582 1
2374	601 1
1868	1319 1
1808	2352 1
1765	1832 1
607	652 1
2342	1979 1
1967	1939 1
1703	1417 1
665	619 1
1208	1737 1
2166	1857 1
1321	1312 1
1278	2076 1
500	515 1
1723	2363 1
1382	1982 1
1326	1403 1
1822	1488 1
1489	1695 1
1860	2201 1
202	1855 1
2104	1636 1
2333	1598 1
2316	2104 1
1454	2339 1
1987	1341 1
1834	1261 1
1161	1751 1
2398	2136 1
2430	2062 1
1979	2037 1
1341	1412 1
1164	2444 1
1820	1307 1
1458	1570 1
1544	2184 1
1439	2148 1
1228	2090 1
2123	1487 1
2374	2360 1
1647	1562 1
2185	2093 1
2292	1455 1
1208	1850 1
578	2079 1
2120	1981 1
2261	1153 1
2083	1919 1
2050	1358 1
1396	2269 1
2393	1369 1
2206	2400 1
2016	1785 1
1625	2428 1
1317	1664 1
2103	1496 1
1950	1888 1
1446	2313 1
299	630 1
2261	1263 1
601	724 1
1538	1941 1
1720	1306 1
1610	1422 1
1904	1549 1
1854	1519 1
1292	1220 1
299	2079 1
2022	1898 1
1875	1961 1
2301	2269 1
2210	2005 1
1474	1496 1
1342	1259 1
1817	2107 1
2069	1220 1
2206	1779 1
1642	1145 1
1990	1748 1
2054	1981 1
1643	2055 1
1487	1132 1
1199	1535 1
1851	2213 1
2017	1957 1
1178	1510 1
1406	1524 1
1307	1324 1
2081	1296 1
2172	2387 1
2255	1737 1
710	562 1
2223	1920 1
1990	2350 1
1312	2406 1
670	595 1
1759	1707 1
2203	1885 1
1809	1445 1
1686	1261 1
1640	2408 1
1470	1733 1
1158	1960 1
724	1523 1
2220	1717 1
2412	1914 1
1787	1129 1
1867	1666 1
1208	2433 1
1667	2410 1
1457	1739 1
2455	1508 1
1205	1132 1
2094	1576 1
1984	1324 1
2213	2311 1
1646	1982 1
1739	1982 1
1848	1307 1
1399	1702 1
2240	1680 1
1608	1391 1
33	1452 1
2387	33 1
1440	1672 1
2026	1830 1
1583	1395 1
1760	1988 1
1162	1263 1
1708	1617 1
2066	1666 1
1654	1252 1
1898	2022 1
1904	1326 1
2028	1479 1
2262	1508 1
1849	1369 1
1766	2050 1
1369	1656 1
1572	1730 1
1723	2034 1
2022	1982 1
2066	1789 1
1617	2392 1
1401	1141 1
2000	2357 1
2234	1622 1
2446	1395 1
1162	1169 1
1511	1326 1
1839	2037 1
1491	2017 1
1458	1730 1
1511	1143 1
1303	1239 1
9	45 1
280	1523 1
2204	1234 1
2324	1287 1
2383	1140 1
564	724 1
1612	85 1
524	1677 1
13	104 1
2028	1949 1
1132	600 1
2346	1312 1
1262	2410 1
2281	579 1
2396	18 1
1782	1318 1
2455	1221 1
1916	1982 1
1698	1962 1
2000	1213 1
1805	1927 1
1820	2280 1
2263	1312 1
1950	1894 1
2459	1261 1
1126	2450 1
1151	1282 1
2275	2196 1
2324	2403 1
1557	1177 1
567	1209 1
2255	1382 1
2254	1850 1
2156	2215 1
1599	1371 1
1561	2079 1
1862	1950 1
1487	1815 1
1432	1133 1
527	2397 1
1132	2043 1
2149	1759 1
1467	630 1
1984	1437 1
1676	2313 1
1541	1467 1
2067	299 1
1603	1365 1
1802	1570 1
1849	1376 1
1948	2264 1
1945	1620 1
1318	1627 1
1886	1169 1
2280	1593 1
1979	1174 1
1205	1401 1
1883	1662 1
1307	1586 1
2058	1200 1
1852	1945 1
575	2404 1
1458	2393 1
387	450 1
308	1805 1
2072	2324 1
1640	2389 1
1774	2245 1
2115	2104 1
1533	1307 1
13	18 1
601	2161 1
1926	1665 1
1885	1182 1
2186	1384 1
2172	1830 1
500	1369 1
2211	2056 1
1829	1817 1
1476	1666 1
1852	1441 1
1208	1158 1
1483	1372 1
1849	1570 1
1346	1631 1
2426	1981 1
1458	1369 1
2449	1152 1
2058	2010 1
2053	1372 1
1705	2085 1
1638	1509 1
2095	2084 1
2428	1877 1
1548	1784 1
1132	2222 1
579	500 1
1821	1970 1
1512	2241 1
1489	1666 1
2280	1414 1
2243	2169 1
1597	1252 1
2043	1307 1
1806	2107 1
1544	1316 1
1631	2065 1
1764	2078 1
2365	1252 1
1544	280 1
670	1385 1
2255	1508 1
2156	2022 1
1222	1236 1
1849	2393 1
1346	2107 1
1775	1695 1
2063	387 1
1275	2009 1
2173	1575 1
600	1369 1
1891	1837 1
1128	2430 1
1441	1222 1
1184	2307 1
575	2277 1
1837	1702 1
1820	2090 1
1139	1575 1
1838	1252 1
1685	1819 1
1998	1440 1
1473	1981 1
2316	1445 1
1475	1642 1
2167	1144 1
1429	1782 1
1533	1804 1
1635	1642 1
1642	2006 1
1516	1207 1
1132	2304 1
1132	2085 1
2444	1808 1
2067	652 1
1575	1575 1
1741	1261 1
1316	1986 1
2193	2121 1
2321	1220 1
2213	1607 1
1663	1935 1
1750	1135 1
595	1385 1
2424	2120 1
1764	2406 1
2449	1400 1
1292	1314 1
1908	2079 1
2191	1971 1
1965	1485 1
2084	1784 1
1208	1745 1
2012	2363 1
724	2065 1
1233	1418 1
280	2388 1
1907	1590 1
1181	1326 1
1852	1981 1
2223	1877 1
1613	1132 1
1200	1326 1
1926	2412 1
2115	1234 1
2019	1927 1
2229	1153 1
1346	1788 1
2083	1582 1
1381	1898 1
639	1925 1
1208	2249 1
1451	2234 1
2327	1316 1
2181	2341 1
1583	1589 1
2426	1996 1
1652	2297 1
1812	2450 1
1528	2022 1
1870	2392 1
1650	1132 1
630	280 1
1257	1474 1
1908	1662 1
1381	2352 1
1470	1582 1
2165	1945 1
1238	1266 1
2302	1586 1
1431	1982 1
1908	2416 1
1836	1808 1
1421	2393 1
1205	1141 1
1775	1867 1
2151	1261 1
1369	2160 1
2314	1964 1
1623	1132 1
2179	1819 1
84	1813 1
1523	1135 1
1410	2104 1
2225	2186 1
595	600 1
1578	2116 1
1615	1369 1
1951	2311 1
2063	1153 1
669	686 1
2026	1696 1
564	1523 1
1591	1157 1
2177	1979 1
2110	2088 1
667	2187 1
2008	2304 1
1608	1473 1
1613	1609 1
1814	1835 1
1647	2154 1
2273	1881 1
2361	1524 1
1989	228 1
2012	1391 1
601	2079 1
2436	1576 1
1708	2176 1
1687	2383 1
2342	1981 1
1821	1982 1
2280	2094 1
1498	1132 1
1525	1779 1
2357	2094 1
2401	1526 1
1924	2410 1
2305	2171 1
2412	1274 1
2081	1613 1
547	1324 1
1943	2201 1
2269	33 1
1263	1219 1
1531	1509 1
2016	2107 1
567	2079 1
1197	1554 1
1958	1628 1
1739	2171 1
1643	2253 1
2373	1805 1
2073	1702 1
2154	1739 1
2081	1141 1
2214	2161 1
2220	1696 1
2238	1310 1
1184	2412 1
665	547 1
1515	1141 1
1887	1919 1
1977	1817 1
710	1129 1
1132	2450 1
1754	1928 1
2154	2062 1
1337	2065 1
1493	1898 1
719	1394 1
1811	2176 1
1617	2399 1
444	1397 1
2319	2003 1
1474	2319 1
507	1261 1
2119	1545 1
2438	2264 1
1390	1252 1
1334	1191 1
1720	2240 1
1454	1807 1
1654	1989 1
1810	1182 1
2223	2104 1
1665	1748 1
2239	2136 1
1746	2007 1
2312	33 1
1895	2065 1
1487	1666 1
2267	1759 1
2179	1903 1
2191	1493 1
1948	1367 1
2449	2014 1
575	1508 1
515	1287 1
1339	1739 1
1495	1282 1
630	1523 1
1821	2037 1
2269	1575 1
2126	1665 1
1205	2394 1
1339	1779 1
2298	2116 1
1754	1367 1
1208	2254 1
1408	2393 1
259	286 1
1687	1642 1
1531	1815 1
1603	84 1
2240	1789 1
1399	1886 1
213	1502 1
1738	2022 1
2191	1898 1
2232	1324 1
1402	280 1
2146	1220 1
2301	2315 1
1169	1702 1
2213	1999 1
1708	2352 1
527	663 1
1746	2269 1
268	1324 1
2124	2161 1
1326	1739 1
2274	1880 1
1470	1695 1
2034	2446 1
1661	1564 1
2457	2083 1
2359	1445 1
1450	2403 1
2373	2262 1
2240	1817 1
13	1210 1
1934	2096 1
1844	1515 1
1764	1312 1
2354	1460 1
1308	1234 1
1952	1547 1
1588	2022 1
1411	1609 1
1264	2254 1
1783	1861 1
1342	1334 1
1652	1689 1
1279	2453 1
1141	1982 1
1897	1469 1
1655	1894 1
1662	1750 1
2272	1643 1
1569	2184 1
2312	1951 1
2283	1133 1
1965	2248 1
710	299 1
1617	2277 1
1497	1472 1
2348	1622 1
2402	1132 1
1949	2432 1
1319	1898 1
1689	1586 1
1132	1191 1
724	2079 1
1820	2006 1
1632	1637 1
1331	2017 1
1878	1127 1
1343	2154 1
1422	1313 1
1652	1348 1
2242	2380 1
1821	1845 1
1940	2116 1
1403	1127 1
2073	1294 1
1264	1960 1
1423	1702 1
1512	1643 1
591	1182 1
1419	579 1
1132	1692 1
2186	1502 1
1743	1503 1
1631	1132 1
1419	1425 1
1600	1947 1
1276	1183 1
2395	1779 1
2236	1779 1
1597	2104 1
1177	1261 1
1643	1830 1
2260	2062 1
1693	1929 1
1906	1586 1
1132	1372 1
2358	1690 1
2278	1830 1
2214	1261 1
1410	2162 1
1778	2025 1
2168	1731 1
1889	1861 1
2056	1132 1
1839	1738 1
2177	1982 1
1208	1184 1
1198	1823 1
2354	1858 1
1226	1366 1
1319	1941 1
2410	1898 1
1989	1328 1
1888	1417 1
1213	2357 1
555	2079 1
2106	1883 1
2341	2047 1
2322	1141 1
1203	1483 1
2412	1550 1
1989	1496 1
600	515 1
2341	1551 1
2350	1982 1
2266	2015 1
1208	1993 1
500	600 1
1774	2006 1
29	1949 1
1253	2388 1
602	2450 1
1989	1601 1
2204	1483 1
1720	2164 1
1247	1522 1
2386	1607 1
2374	1750 1
1854	1623 1
1934	2431 1
1246	2336 1
1810	2084 1
1390	1945 1
1885	1939 1
1426	1191 1
1253	280 1
1359	1575 1
1984	1248 1
2207	2269 1
2223	2142 1
1538	1403 1
2233	2450 1
2068	1502 1
1766	1746 1
2220	1430 1
2154	639 1
1319	1979 1
2172	2207 1
2367	2429 1
2328	2023 1
1958	1141 1
2323	1306 1
2263	2116 1
1208	1455 1
1890	1982 1
600	595 1
1449	1642 1
1583	1981 1
1687	1674 1
1317	2220 1
1688	2437 1
1132	2431 1
1489	1550 1
1607	1182 1
2346	1578 1
1526	1899 1
2325	1982 1
1926	1914 1
2341	1508 1
1898	1982 1
1894	2430 1
1860	1261 1
1583	1945 1
1241	1870 1
2209	595 1
2331	1740 1
2426	1145 1
1796	1384 1
1399	1141 1
1411	1939 1
1417	1947 1
1431	1697 1
2261	1234 1
2081	1169 1
1834	2121 1
1742	2310 1
1655	1953 1
2137	2096 1
1384	1210 1
1396	1928 1
1844	1399 1
2115	1522 1
1967	2324 1
18	2301 1
1528	1779 1
1162	1515 1
2261	1132 1
1931	2174 1
1239	1666 1
1738	1779 1
1205	1598 1
1544	1730 1
1689	1575 1
213	1411 1
1410	1199 1
29	1366 1
1778	724 1
1211	2404 1
1155	1467 1
85	1127 1
2460	1807 1
1989	1904 1
1208	1699 1
1147	2396 1
1772	1489 1
213	1785 1
1951	2096 1
1494	1689 1
2317	2447 1
1321	1675 1
1493	1127 1
1447	2151 1
1860	2130 1
1597	1483 1
2235	1252 1
1581	1725 1
2324	1656 1
1648	2387 1
2072	1316 1
2235	1709 1
1241	1499 1
2311	1622 1
1461	1875 1
2268	1606 1
2449	1482 1
2272	2363 1
1824	1925 1
2072	1351 1
1919	2151 1
1590	1341 1
2058	1929 1
1855	1811 1
1458	1413 1
2439	1970 1
2113	2180 1
1906	1861 1
1260	601 1
1877	1920 1
2189	1445 1
1542	2133 1
1240	2065 1
1613	1702 1
1331	2038 1
1127	1982 1
2314	2372 1
1580	262 1
1612	2410 1
1260	2079 1
1494	1354 1
1662	1609 1
2460	1886 1
1369	1986 1
1647	662 1
2263	2298 1
2391	2392 1
1132	1287 1
2058	1575 1
1583	1295 1
2072	1358 1
1454	1535 1
1335	1355 1
1735	1623 1
1667	1326 1
2069	2403 1
1848	1513 1
1321	2298 1
2217	1993 1
1703	1939 1
2128	1455 1
1132	1365 1
2139	1744 1
1260	299 1
1132	1953 1
1297	2278 1
2280	1861 1
1642	1586 1
1369	1287 1
2177	1811 1
1743	1619 1
2314	2066 1
2063	1666 1
2356	1988 1
2038	1819 1
1849	1458 1
1498	1925 1
1774	1864 1
1208	1373 1
1348	2238 1
2053	1706 1
1132	1831 1
1640	1145 1
1849	1710 1
1521	2396 1
2322	1837 1
2266	1584 1
2213	2431 1
1907	2430 1
1133	1736 1
1132	1450 1
1939	1291 1
2306	1981 1
1206	1253 1
2222	1502 1
2037	1385 1
578	624 1
1873	1385 1
2204	2413 1
2089	1159 1
2320	1261 1
1169	2088 1
1597	1545 1
1389	2050 1
1375	1832 1
441	1511 1
2209	1986 1
2239	1578 1
2238	1830 1
2297	2090 1
1553	2383 1
1307	2094 1
2367	1815 1
1615	515 1
1849	1953 1
1906	1689 1
1382	1151 1
1766	1500 1
1206	280 1
1770	724 1
2283	1282 1
2396	26 1
2336	1830 1
1890	1823 1
1755	2396 1
2229	1549 1
1132	2174 1
1680	1702 1
2293	1664 1
2410	2215 1
591	2016 1
1851	1843 1
1973	1200 1
1652	2173 1
2219	1710 1
2211	1468 1
1230	2161 1
2101	1290 1
1312	1996 1
1680	1550 1
1379	1759 1
2379	1709 1
1222	1593 1
1438	1922 1
1950	2450 1
1967	2186 1
1208	1692 1
2160	1986 1
1519	1860 1
2379	1360 1
1583	1949 1
1604	2392 1
1905	1421 1
1643	1912 1
1483	1252 1
1457	2011 1
2181	2392 1
2281	1241 1
2368	2400 1
2434	2118 1
2139	2443 1
2154	2056 1
2280	2315 1
1892	1508 1
665	1385 1
2439	1282 1
2348	1928 1
2311	2096 1
1339	1979 1
1462	2396 1
18	1689 1
2110	1238 1
2289	1169 1
1498	2409 1
1276	2244 1
1139	1354 1
1858	2097 1
2081	1939 1
1779	2206 1
1396	1179 1
1655	1369 1
2209	1534 1
1803	1477 1
1947	2450 1
2295	1354 1
2063	2437 1
2269	1847 1
2327	1470 1
2076	2079 1
1773	2383 1
2304	600 1
1573	1244 1
2238	1187 1
1447	1261 1
2239	2120 1
1351	1689 1
1761	1656 1
1205	1817 1
2396	1689 1
2146	550 1
2207	1689 1
1967	1656 1
1689	2269 1
1924	1522 1
2449	1281 1
45	84 1
2410	1127 1
2108	2385 1
1461	2311 1
1811	1979 1
1147	1602 1
2172	1575 1
2026	1509 1
1862	1417 1
1445	1522 1
1406	1657 1
2272	1145 1
1196	1330 1
1849	2186 1
2449	2427 1
2124	1129 1
1681	2392 1
1849	2182 1
2141	1860 1
1349	2040 1
724	1225 1
2283	1195 1
1918	1467 1
1704	2349 1
1491	1957 1
1493	1981 1
1476	1482 1
1251	2454 1
2142	1838 1
1482	1748 1
670	515 1
35	1945 1
2343	2086 1
1655	595 1
2111	1220 1
1132	1982 1
1226	1345 1
1269	2016 1
2238	2269 1
1132	2403 1
1283	1354 1
1374	1369 1
1940	1312 1
2236	1326 1
1139	2207 1
2394	1141 1
2290	1920 1
2460	1515 1
1611	1613 1
1789	1141 1
1899	1526 1
2050	1413 1
1192	2025 1
1576	2094 1
2436	2110 1
1635	1945 1
1257	2366 1
1790	2032 1
2235	1568 1
1708	1979 1
1226	1864 1
1892	1853 1
2267	1872 1
2234	1552 1
1696	1830 1
1814	2063 1
1515	2430 1
2432	1364 1
1126	1270 1
2453	2032 1
663	2079 1
1590	1508 1
2354	1639 1
1576	1830 1
601	1225 1
2310	2154 1
1848	2061 1
1892	2152 1
1854	1132 1
2367	1539 1
2407	2035 1
1139	2269 1
2342	1511 1
1590	2181 1
1787	2184 1
1836	1503 1
2314	1721 1
2240	1982 1
1465	1169 1
2247	1465 1
2124	1919 1
2031	1268 1
1805	228 1
1959	2016 1
1262	1372 1
2438	1552 1
567	1563 1
2044	2258 1
1946	1739 1
1686	1259 1
2091	1792 1
1494	2396 1
2446	1471 1
1541	1653 1
1780	1522 1
2306	1185 1
1889	1830 1
1132	2430 1
602	513 1
1766	1183 1
1906	1889 1
1852	1226 1
1600	2230 1
1852	1826 1
1416	724 1
1394	280 1
2297	2396 1
1857	1354 1
2314	2216 1
241	1738 1
719	564 1
2400	2368 1
2331	1869 1
708	1759 1
1419	2324 1
2437	1406 1
299	2388 1
2184	2450 1
2077	1789 1
1916	1916 1
1635	2278 1
1519	1935 1
1897	1435 1
2029	1277 1
1989	1353 1
2361	1406 1
1423	1886 1
1933	1919 1
1851	2137 1
1715	1392 1
1203	1445 1
1907	1401 1
1605	1808 1
2435	2245 1
2280	2297 1
1475	1191 1
2242	2050 1
1607	2084 1
2243	1193 1
1964	1649 1
1914	1692 1
1662	1883 1
1141	1598 1
1132	1369 1
2289	2200 1
2076	280 1
1186	2138 1
1509	1788 1
2306	1902 1
1168	1900 1
2351	2028 1
1861	1889 1
1148	1587 1
1438	1697 1
1989	1817 1
1785	1659 1
1431	1151 1
663	2065 1
2189	1669 1
1659	2084 1
2370	2305 1
542	1806 1
1934	2137 1
2081	1785 1
1474	1207 1
2446	1391 1
2233	2082 1
1860	2186 1
1643	1586 1
1774	2078 1
2017	1685 1
1597	1732 1
2401	2169 1
1763	1721 1
1296	2341 1
1230	1919 1
591	1885 1
1205	1609 1
2289	1263 1
1855	1738 1
1859	1304 1
1705	1508 1
1405	1369 1
1155	2079 1
2460	1141 1
2449	2379 1
1686	1384 1
1410	2103 1
527	507 1
2094	1586 1
1549	2334 1
2167	1380 1
524	513 1
1158	1866 1
1348	1830 1
1132	1218 1
1541	1666 1
1238	1330 1
2063	1645 1
670	1936 1
1956	1830 1
1682	1166 1
1221	1508 1
2106	724 1
1127	1970 1
1807	2107 1
1208	2307 1
1381	1979 1
1443	1508 1
2167	2135 1
2330	1759 1
1324	1830 1
2025	562 1
2392	1330 1
241	1127 1
2186	2222 1
2236	2047 1
2078	2116 1
1491	1685 1
1233	2066 1
1269	2441 1
2441	2386 1
2136	1170 1
1512	1526 1
1749	1430 1
591	1893 1
1151	1232 1
1132	2212 1
639	1351 1
1205	1220 1
2102	2415 1
2325	2392 1
2316	1989 1
2393	1746 1
1809	1989 1
1434	2241 1
2242	2171 1
1770	1261 1
2209	1385 1
2147	1176 1
1989	1965 1
1322	1713 1
1463	1982 1
1348	1652 1
1559	1254 1
2284	1767 1
1132	1919 1
1553	2094 1
1946	1882 1
1849	2050 1
1654	1496 1
1794	1666 1
2247	1496 1
202	202 1
2240	1212 1
1593	1236 1
1382	1167 1
1770	1209 1
1450	1936 1
2007	1558 1
2302	1334 1
1820	1236 1
2200	2231 1
1605	2197 1
2324	1936 1
2106	2025 1
1580	1467 1
1504	601 1
1402	1382 1
1629	2431 1
1221	2392 1
2316	1203 1
2432	1312 1
2131	1385 1
670	2279 1
2293	2350 1
1321	2116 1
1557	1191 1
2302	1191 1
1682	1754 1
1317	1665 1
1261	2353 1
1186	1750 1
1399	1823 1
2442	2151 1
1531	280 1
591	1607 1
2230	1885 1
1572	1376 1
268	2309 1
2233	1823 1
2081	1609 1
1393	1635 1
2025	1261 1
2090	2301 1
1294	2205 1
1723	1471 1
1419	1499 1
2043	1420 1
2270	1167 1
1434	1468 1
1193	58 1
2282	1898 1
1181	2104 1
1483	1522 1
2399	1536 1
1881	607 1
1668	1663 1
1287	1986 1
2061	1236 1
2355	2204 1
1800	1705 1
1681	2404 1
1849	1132 1
1184	1167 1
1649	1721 1
2156	1403 1
2261	1645 1
1476	1872 1
2297	1889 1
1390	1571 1
1939	2450 1
1918	724 1
1974	2414 1
1597	1496 1
2010	1961 1
1519	1872 1
1653	1666 1
1593	2280 1
1519	1502 1
665	1324 1
1276	1408 1
1802	1369 1
2238	2010 1
1647	1555 1
1441	1433 1
1192	1291 1
387	2413 1
1359	1806 1
1889	1586 1
2066	1153 1
1538	1224 1
1346	1261 1
579	515 1
2139	1996 1
1569	1947 1
1271	1758 1
1583	1137 1
1687	1171 1
1208	2252 1
1482	1511 1
1205	2341 1
1411	1182 1
2115	1636 1
2383	2010 1
2261	2152 1
2177	2390 1
1265	1129 1
1494	1693 1
1600	1785 1
595	1287 1
2058	1875 1
2092	26 1
2081	1886 1
1648	1875 1
441	1371 1
1588	1982 1
2261	1596 1
1934	2174 1
591	1785 1
1151	1738 1
1998	2395 1
1335	2439 1
2081	2184 1
1820	1305 1
1260	280 1
1755	2387 1
1901	1941 1
1720	1474 1
2134	1445 1
268	1869 1
1854	1987 1
2121	1261 1
2358	1632 1
1937	1564 1
2401	2253 1
1493	1982 1
2438	2243 1
1750	1523 1
1591	2028 1
1658	1843 1
1408	2244 1
1543	1377 1
1572	1307 1
2229	1645 1
1487	1296 1
2071	1553 1
2457	1208 1
1595	2447 1
1478	2329 1
1187	1830 1
2048	1668 1
663	1587 1
1487	1313 1
1885	1785 1
2289	2420 1
1472	1261 1
1844	1465 1
1553	1324 1
1848	1458 1
2119	1877 1
1526	1145 1
1203	1522 1
1820	1222 1
663	2187 1
2072	1369 1
1480	1281 1
1321	2018 1
1155	555 1
1416	299 1
1673	1279 1
2005	1750 1
1723	1826 1
524	1385 1
1132	1832 1
591	2441 1
1879	1261 1
2129	1860 1
2281	1132 1
2229	2004 1
2073	1980 1
2372	1871 1
2275	1586 1
1749	2085 1
1591	1816 1
1151	1403 1
2398	2120 1
2181	1330 1
2194	1515 1
1241	1534 1
1689	1385 1
1652	1575 1
1236	1586 1
1875	1575 1
1894	2431 1
2323	2118 1
719	2079 1
1902	1956 1
1798	1566 1
2281	1419 1
1848	1183 1
2267	1767 1
2073	1916 1
1324	1385 1
2166	2412 1
1531	1420 1
1595	1151 1
1667	1403 1
2436	1261 1
1943	1261 1
1892	1575 1
1447	2065 1
2019	2189 1
2047	1935 1
1811	1127 1
1581	1137 1
1990	1664 1
2287	1153 1
2334	1823 1
2139	1764 1
2026	1749 1
2134	1483 1
1894	1287 1
1749	1582 1
1794	2161 1
662	639 1
2492	2546 1
2547	2523 1
2493	2524 1
2530	2513 1
2536	2540 1
2527	2469 1
2484	2534 1
2463	2547 1
2480	2469 1
2480	2479 1
2522	2480 1
2493	2478 1
2547	2482 1
2472	2494 1
2522	2554 1
2484	2503 1
2489	2475 1
2472	2501 1
2489	2464 1
2480	2501 1
2472	2486 1
2484	2477 1
2530	2501 1
2492	2490 1
2493	2519 1
2530	2527 1
2527	2507 1
2547	2552 1
2543	2462 1
2550	2543 1
2541	2504 1
2531	2510 1
2531	2535 1
2463	2480 1
2543	2550 1
2463	2538 1
2549	2520 1
2497	2521 1
2547	2480 1
2508	2485 1
2515	2483 1
2514	2498 1
2547	2483 1
2531	2496 1
2463	2526 1
2536	2542 1
2489	2502 1
2498	2514 1
2493	2486 1
2530	2486 1
2522	2473 1
2522	2516 1
2523	2552 1
2532	2552 1
2541	2471 1
2518	2552 1
2488	2467 1
2536	2553 1
2465	2486 1
2472	2473 1
2492	2525 1
2547	2476 1
2536	2490 1
2463	2506 1
2527	2501 1
2541	2539 1
2499	2511 1
2523	2476 1
2523	2512 1
2549	2517 1
2523	2529 1
2536	2535 1
2515	2464 1
2489	2474 1
2464	2491 1
2518	2487 1
2518	2495 1
2472	2544 1
2532	2470 1
2549	2548 1
2549	2522 1
2472	2480 1
2536	2468 1
2480	2513 1
2541	2528 1
2547	2538 1
2463	2500 1
2541	2464 1
2492	2483 1
2489	2519 1
2547	2529 1
2549	2528 1
2493	2466 1
2523	2480 1
2527	2513 1
2523	2483 1
2527	2480 1
2489	2505 1
2489	2478 1
2541	2475 1
2511	2499 1
2462	2543 1
2489	2504 1
2492	2542 1
2492	2509 1
2493	2552 1
2463	2528 1
2549	2533 1
2481	2537 1
2508	2545 1
2521	2497 1
2549	2551 1